   0     0.8000     0.9672       0.2528       0.4597       0.0012       0.0000    2.620
   1     0.9076     1.0070       0.2978       0.4722       0.0036       1.1939    2.357
   2     1.0297     1.0642       0.3689       0.4830       0.0061      -6.7767    6.784
   3     1.1682     1.1823       0.3325       0.5040       0.0061       3.4102    9.534
   4     1.3253     1.3353       0.4318       0.5273       0.0062       6.8918    3.988
   5     1.5035     1.5253       0.8904       0.5221       0.0057     -26.9442    4.191
   6     1.7058     1.6920       0.2555       0.5390       0.0062      16.6944   28.562
   7     1.9352     2.1112       0.7029       0.6051       0.0059      -4.9592    8.221
   8     2.1955     2.2439       0.6982       0.5999       0.0092      -6.7681    3.691
   9     2.4908     2.6195       0.3471       0.6269       0.0091       5.8118    9.908
  10     2.8258     3.0046       0.3849       0.7029       0.0189      -0.6730   22.639
  11     3.2059     3.1428       0.3891       0.7304       0.0210       0.5186    2.463
  12     3.6371     4.0530       0.4717       0.9062       0.0182      -0.7880    3.546
  13     4.1263     4.2997       0.4690       0.9603       0.0343       0.4667    7.367
  14     4.6813     4.5169       0.4705       1.0138       0.0330       2.0751    2.991
  15     5.3110     5.3447       0.5896       1.2005       0.0378      -1.2720    7.341
  16     6.0253     6.1368       0.6066       1.4114       0.0369      -0.0813    8.408
  17     6.8357     7.0001       0.6184       1.7303       0.0428       0.8179    3.814
  18     7.7551     7.4551       0.6391       1.9556       0.0387      18.9436    5.040
  19     8.7982     8.6671       1.6029       2.3006       0.0249     -12.2635   14.186
  20     9.9816     9.5530       1.7817       2.3923       0.0164       4.5501   18.298
  21    11.3241    10.6527       2.1353       2.4660       0.0086       5.7188   19.092
  22    12.8473    12.3904       2.9627       2.4613       0.0043      -9.5755    5.043
  23    14.5753    14.6318       3.1152       2.3712       0.0032      -6.7391    4.041
  24    16.5357    16.4060       2.8954       2.3143       0.0029      25.5402    2.559
  25    18.7598    18.6029       3.2321       2.2423       0.0023     -17.4878    3.926
  26    21.2830    21.1967       3.1431       2.1518       0.0019      -5.4816    2.297
  27    24.1456    24.3789       2.8923       2.0557       0.0017     -53.2540    2.035
  28    27.3932    27.2858       1.5542       2.0206       0.0018     157.1394    2.601
  29    31.0777    28.9748       2.0633       2.0457       0.0010      24.7367    2.615
  30    35.2577    33.6055       3.8929       1.9666       0.0005    -129.2884    3.671
  31    40.0000    40.3237       0.3011       7.9160       0.0003       0.0000    1.737
