   0     0.8000     0.9634       0.2349       0.4227       0.0012       0.0000    1.679
   1     0.9076     0.9799       0.2348       0.4285       0.0034      35.5712    2.349
   2     1.0297     1.0205       0.3594       0.4379       0.0046      -6.9381    6.882
   3     1.1682     1.1740       0.5255       0.4390       0.0045      -3.9001    2.543
   4     1.3253     1.3270       0.4826       0.4315       0.0040      -2.3583    5.802
   5     1.5035     1.5464       0.2797       0.4475       0.0045       3.8486    3.320
   6     1.7058     1.6677       0.2792       0.4696       0.0045      -0.4933    4.430
   7     1.9352     1.9304       0.2542       0.5333       0.0037       0.6927    7.910
   8     2.1955     2.2328       0.2736       0.6361       0.0034      -0.3120    6.362
   9     2.4908     2.5216       0.2745       0.7674       0.0036      21.2560    7.217
  10     2.8258     2.8436       1.2020       0.8406       0.0035     -29.4525    9.652
  11     3.2059     3.2994       0.5836       0.8466       0.0034       8.3574    5.464
  12     3.6371     3.9607       0.5824       0.9307       0.0045      -0.0298    8.945
  13     4.1263     4.4486       0.5802       1.0050       0.0092       0.8100    1.843
  14     4.6813     4.6707       0.5890       1.0428       0.0128       0.5551    1.355
  15     5.3110     5.4390       0.6420       1.1720       0.0159      -0.4488    3.459
  16     6.0253     5.9153       0.6579       1.2610       0.0150       1.2112   10.272
  17     6.8357     6.9515       0.7604       1.5025       0.0118       7.2133    1.603
  18     7.7551     8.3688       1.5748       1.6045       0.0135      -3.5491    9.615
  19     8.7982     8.8887       1.7604       1.6015       0.0213     -18.1680  159.491
  20     9.9816     9.3824       1.7585       1.5932       0.0151      -5.2233   29.950
  21    11.3241    10.1971       1.6660       1.5832       0.0051      15.9344    2.315
  22    12.8473    12.7886       3.0908       1.5610       0.0022      -8.0020    8.258
  23    14.5753    14.6046       3.3536       1.4556       0.0019      -6.5583   13.095
  24    16.5357    16.7662       3.2592       1.3424       0.0018      -2.3132    5.494
  25    18.7598    18.4976       3.1517       1.2675       0.0016      12.1188    3.592
  26    21.2830    21.0328       3.2758       1.1696       0.0012      -6.9878    3.765
  27    24.1456    23.3287       3.2499       1.0943       0.0009     -59.9221    1.926
  28    27.3932    28.6871       0.3143       1.2857       0.0006      68.9563    5.176
  29    31.0777    32.3474       0.6393       1.8653       0.0008     -20.4195   11.529
  30    35.2577    34.1174       0.6420       2.0798       0.0008      -4.2616    2.285
  31    40.0000    41.4508       0.4976       4.9621       0.0007       0.0000    2.676
