   0     0.8000     0.9816       1.1306       0.6344       0.0013       0.0000    5.029
   1     0.9076     1.0035       1.1304       0.6283       0.0044      -0.2977   11.664
   2     1.0297     1.0436       1.1289       0.6173       0.0070     -32.8219    5.955
   3     1.1682     1.1478       0.4961       0.6116       0.0078      19.1743    5.024
   4     1.3253     1.3334       0.5554       0.6291       0.0069       8.1355    4.535
   5     1.5035     1.5043       1.0009       0.6202       0.0059     -10.1782   11.160
   6     1.7058     1.6970       1.0028       0.5914       0.0050     -11.8004    6.204
   7     1.9352     1.9775       0.2645       0.6347       0.0053      26.6962    4.711
   8     2.1955     2.2446       1.0720       0.6786       0.0045     -19.2386    4.063
   9     2.4908     2.4674       1.0707       0.6548       0.0045      -2.5858   14.906
  10     2.8258     2.9163       0.8986       0.6177       0.0046       2.5643   20.090
  11     3.2059     3.2340       0.8998       0.5974       0.0051     -15.5755    3.427
  12     3.6371     3.6021       0.3691       0.6089       0.0043      11.0011    5.969
  13     4.1263     4.1176       0.2439       0.7161       0.0031       4.7818   16.217
  14     4.6813     4.8396       0.4349       0.9329       0.0043       0.6711    7.492
  15     5.3110     5.6867       0.6780       1.0871       0.0064      -3.9428   13.535
  16     6.0253     6.1787       0.6831       1.1466       0.0091      -0.0210   32.128
  17     6.8357     6.8022       0.6886       1.2300       0.0091      -6.2064    7.399
  18     7.7551     7.6219       0.4727       1.4610       0.0069      11.6546   13.055
  19     8.7982     9.1159       1.0492       1.8838       0.0051      10.7648    4.665
  20     9.9816    10.6328       2.3724       1.9472       0.0060     -26.2209    3.364
  21    11.3241    11.4105       2.3559       1.9245       0.0077       9.0339   33.729
  22    12.8473    12.6238       2.5673       1.8823       0.0068      -3.0923  139.669
  23    14.5753    13.8777       2.6794       1.8311       0.0043       2.4465   24.233
  24    16.5357    15.8869       2.9535       1.7457       0.0022       6.2639   52.603
  25    18.7598    18.8504       3.5463       1.6100       0.0017      -8.0879   12.895
  26    21.2830    21.6162       3.7651       1.4874       0.0016     -14.1096   15.403
  27    24.1456    24.3507       3.6328       1.3823       0.0017       7.0645    5.500
  28    27.3932    27.0533       3.6410       1.2939       0.0015     -81.9811    4.219
  29    31.0777    32.5244       0.3776       1.7336       0.0011     100.9733    2.761
  30    35.2577    34.1736       0.3764       2.1255       0.0011       5.3940    2.539
  31    40.0000    38.2905       0.4487       4.4232       0.0007       0.0000    3.313
