   0     0.8000     0.9703       0.3138       0.4404       0.0015       0.0000   14.351
   1     0.9076     0.9846       0.3135       0.4430       0.0044       1.6437   12.436
   2     1.0297     1.0942       0.3431       0.4612       0.0066      -1.0125   11.341
   3     1.1682     1.1861       0.3428       0.4749       0.0086       0.0037    9.038
   4     1.3253     1.3187       0.3426       0.4963       0.0079       0.0050    9.172
   5     1.5035     1.5018       0.3426       0.5293       0.0068      -0.3601   16.847
   6     1.7058     1.7535       0.3187       0.5884       0.0056      32.8109    8.120
   7     1.9352     1.9443       1.6153       0.5943       0.0051     -53.4613    2.248
   8     2.1955     2.2518       0.5133       0.5725       0.0047      13.2533   10.460
   9     2.4908     2.5345       0.2491       0.6265       0.0046       6.3084   14.559
  10     2.8258     2.9461       0.2956       0.7980       0.0042      -0.8981    3.821
  11     3.2059     3.1318       0.2971       0.8934       0.0048       6.0266    8.296
  12     3.6371     3.7373       0.6815       1.1481       0.0051      -4.5337    4.082
  13     4.1263     4.3337       0.6764       1.2900       0.0066       0.1298   21.731
  14     4.6813     4.7976       0.6778       1.4288       0.0085      22.0808    3.202
  15     5.3110     5.3629       1.4655       1.5333       0.0097     -27.5877    3.159
  16     6.0253     6.3300       0.7362       1.6728       0.0136      12.7919    5.349
  17     6.8357     6.7815       0.7434       1.8384       0.0160      11.4157    4.104
  18     7.7551     7.8315       1.2831       2.1494       0.0163       3.8305    5.240
  19     8.7982     8.8827       1.9507       2.2045       0.0195     -13.4556   57.963
  20     9.9816     9.4108       2.0426       2.2188       0.0145       8.1835   18.174
  21    11.3241    11.2234       2.8287       2.1669       0.0073      -3.3053   12.698
  22    12.8473    13.0098       3.2508       2.0761       0.0071      -0.7334   13.588
  23    14.5753    14.5877       3.5449       1.9831       0.0068      -6.9345   28.903
  24    16.5357    16.5423       3.5537       1.8712       0.0060      -8.4282  116.848
  25    18.7598    18.6060       3.3812       1.7691       0.0052       7.2361    8.711
  26    21.2830    21.0228       3.3608       1.6665       0.0041     -11.6589   20.246
  27    24.1456    23.8629       3.0639       1.5622       0.0033      -2.0122   13.902
  28    27.3932    25.4444       2.8951       1.5162       0.0021     -41.3940    2.075
  29    31.0777    29.8125       1.3834       1.4997       0.0014      12.2933    9.853
  30    35.2577    34.5340       0.3946       1.7203       0.0014      33.7507   11.522
  31    40.0000    40.7525       0.5912       3.2205       0.0013       0.0000    4.411
