   0     0.8000     0.9780       0.9141       0.5647       0.0016       0.0000    5.009
   1     0.9076     0.9881       0.9151       0.5625       0.0050      47.8145    4.516
   2     1.0297     1.0439       1.1766       0.5487       0.0070     -37.5881    8.875
   3     1.1682     1.2002       0.3111       0.5579       0.0073      18.4989   20.998
   4     1.3253     1.3054       0.3113       0.5995       0.0073       0.8290    5.977
   5     1.5035     1.5567       0.3686       0.7056       0.0072      -0.8373   10.089
   6     1.7058     1.6894       0.3687       0.7653       0.0077      17.2937    4.118
   7     1.9352     1.9857       1.3893       0.8089       0.0056     -19.4424   21.339
   8     2.1955     2.0912       1.3941       0.7912       0.0047     -19.5822    7.214
   9     2.4908     2.4863       0.2675       0.9267       0.0049      53.9133    5.850
  10     2.8258     2.8363       2.6560       1.0636       0.0040     -85.1200    6.470
  11     3.2059     3.2672       0.2883       1.2604       0.0041      92.9247    5.152
  12     3.6371     3.6860       2.6748       1.5457       0.0036     -54.3255    3.575
  13     4.1263     4.1756       2.6490       1.4642       0.0038     -20.5368    8.577
  14     4.6813     5.0400       0.7967       1.5194       0.0057      23.6971    8.400
  15     5.3110     5.5088       0.7971       1.6592       0.0090      -0.2789   38.831
  16     6.0253     5.9784       0.7916       1.8287       0.0094       1.1905    2.513
  17     6.8357     7.0636       0.8545       2.3250       0.0127      -1.0287    3.157
  18     7.7551     7.3618       0.8568       2.5070       0.0108      15.7560    7.698
  19     8.7982     8.8578       1.8567       3.2983       0.0106       2.2794    3.478
  20     9.9816     9.8799       2.5569       3.4649       0.0085      -7.2532    2.982
  21    11.3241    11.3873       3.0792       3.5960       0.0082      -5.3671   44.596
  22    12.8473    12.8753       3.2691       3.6590       0.0074      -0.9243   20.477
  23    14.5753    14.8601       3.4379       3.7165       0.0075      -1.0533   13.930
  24    16.5357    16.3977       3.5162       3.7418       0.0072      -3.5455    7.095
  25    18.7598    18.7469       3.5399       3.7766       0.0057       5.0752   18.693
  26    21.2830    21.5997       3.7136       3.8067       0.0055       2.0870   11.147
  27    24.1456    23.9998       3.8835       3.8084       0.0053      -8.4211   57.619
  28    27.3932    26.6437       3.9135       3.7979       0.0040      -6.9042    5.998
  29    31.0777    30.0438       3.8083       3.7867       0.0025     -10.6820   11.313
  30    35.2577    34.3721       3.4158       3.8036       0.0016       2.4084   14.484
  31    40.0000    38.0341       3.1637       3.8736       0.0010       0.0000    5.985
