   0     0.8000     0.9798       0.7308       0.6134       0.0012       0.0000    5.671
   1     0.9076     0.9937       0.7303       0.6120       0.0038       0.4829   15.943
   2     1.0297     1.0189       0.7301       0.6095       0.0053      -5.3375    5.136
   3     1.1682     1.2032       0.4742       0.6164       0.0053      -2.0683    2.496
   4     1.3253     1.3159       0.2652       0.6663       0.0055      20.9142   10.600
   5     1.5035     1.5061       0.9014       0.7330       0.0048     -19.4781    8.031
   6     1.7058     1.6971       0.5768       0.7356       0.0055      20.3552    4.889
   7     1.9352     1.9190       1.1515       0.7298       0.0042     -22.3043    3.785
   8     2.1955     2.1821       0.6721       0.7180       0.0036       4.9305    2.488
   9     2.4908     2.4354       0.4558       0.7465       0.0041       5.3094    8.820
  10     2.8258     2.8890       0.5011       0.8366       0.0031      -0.1333   15.356
  11     3.2059     3.3669       0.5318       0.9313       0.0028      -0.7087    5.538
  12     3.6371     3.6103       0.5293       0.9852       0.0034       1.8356    3.851
  13     4.1263     4.4355       0.6781       1.1593       0.0033      -1.6481    4.592
  14     4.6813     4.8221       0.6787       1.2359       0.0050       0.7288    3.611
  15     5.3110     5.8465       0.7382       1.4754       0.0056      -0.6518    3.859
  16     6.0253     6.2522       0.7419       1.5849       0.0095      -0.0298   64.846
  17     6.8357     6.7302       0.7455       1.7350       0.0099       9.2080    4.488
  18     7.7551     7.8820       1.2587       2.0258       0.0097       8.5287    1.899
  19     8.7982     8.7475       1.9465       2.0432       0.0117     -19.5833   60.293
  20     9.9816     9.4147       2.0482       2.0479       0.0077      -3.9531   13.359
  21    11.3241    10.3690       2.0843       2.0439       0.0029       9.2638    4.410
  22    12.8473    13.2851       3.3630       1.8555       0.0020      -9.2639   26.003
  23    14.5753    15.0532       3.3605       1.7503       0.0025     -11.0087   13.626
  24    16.5357    16.6534       3.1699       1.6672       0.0028      21.2980   13.973
  25    18.7598    18.2933       3.2853       1.5926       0.0022       3.7350   25.466
  26    21.2830    20.7812       3.5210       1.4854       0.0015     -10.9827    9.345
  27    24.1456    23.5240       3.4933       1.3797       0.0010     -77.7544   12.041
  28    27.3932    27.5989       0.8144       1.3459       0.0009      83.6985   10.420
  29    31.0777    30.7379       0.8167       1.4512       0.0009     -27.0712   19.070
  30    35.2577    34.1088       0.3715       1.8122       0.0007      19.5496   11.025
  31    40.0000    38.3618       0.2504       3.7211       0.0005       0.0000    3.241
