   0     1.0486     1.1033       0.3041       0.4749       0.0043       0.0000   90.879
   1     1.1755     1.3101       0.3688       0.5158       0.0061      -1.2669    9.311
   2     1.3178     1.3266       0.3691       0.5184       0.0076      -1.2007    8.226
   3     1.4773     1.5796       0.3150       0.5753       0.0061       1.0115    1.105
   4     1.6560     1.5990       0.3147       0.5812       0.0064       0.2689   12.313
   5     1.8565     1.6089       0.3145       0.5843       0.0035       0.5430    9.175
   6     2.0812     2.1902       0.3876       0.7734       0.0044      -0.6101    1.455
   7     2.3331     2.2912       0.3837       0.8107       0.0047       7.0211    1.201
   8     2.6154     2.6982       0.7287       0.9099       0.0042      -7.9873    2.860
   9     2.9320     2.7395       0.7282       0.9133       0.0032     -10.4411    1.169
  10     3.2868     3.2103       0.2916       1.1543       0.0030      13.0992  322.257
  11     3.6846     3.9922       1.3041       1.7484       0.0020      -9.5810   15.584
  12     4.1306     4.7719       1.1166       1.9359       0.0068       3.1786    4.582
  13     5.1909     5.5852       1.2032       2.2123       0.0107      -1.1889    5.950
  14     5.8192     5.7690       1.2101       2.2747       0.0146      -1.1464    6.899
  15     6.5235     6.1578       1.2130       2.4199       0.0051       3.9056    2.788
  16     7.3130     8.0732       1.7581       3.0068       0.0142      -0.2938  400.142
  17     8.1981     8.4958       1.8535       3.1132       0.0365      -0.1610   13.100
  18     9.1903     8.9367       1.9470       3.2259       0.0255      15.5085 51768.970
  19    10.3026    10.3185       2.8625       3.4270       0.0143     -11.5216 2310.838
  20    11.5496    12.0659       3.0470       3.4989       0.0285      -2.4297    7.818
  21    12.9474    13.0772       3.0725       3.5478       0.0227       1.5545  144.465
  22    14.5144    14.7463       3.1666       3.6180       0.0205       2.5423 4523.299
  23    16.2711    16.6055       3.3678       3.6706       0.0221      -2.0563 2391.674
  24    18.2404    18.3980       3.5066       3.6971       0.0238      -5.5506  122.652
  25    20.4480    20.2101       3.5569       3.7141       0.0223      -4.9973  899.024
  26    22.9228    22.3577       3.5372       3.7305       0.0171      -2.9996  405.545
  27    25.6972    24.5806       3.4770       3.7536       0.0139       1.2641  465.636
  28    28.8073    27.7740       3.4245       3.7931       0.0077      -5.3274  146.979
  29    32.2939    31.2246       3.2622       3.8464       0.0042     -16.9492   67.230
  30    36.2024    34.4361       2.8590       3.9489       0.0028       0.0000   17.966
  31    36.2024    34.4361       2.8590       3.9489       0.0028       0.0000   17.966
