   0     1.0554     1.1068       1.5159       0.4427       0.0041       0.0000   36.244
   1     1.1812     1.1093       1.5087       0.4419       0.0033      -6.2769  120.119
   2     1.3219     1.4011       0.2462       0.4472       0.0039      10.2691   31.725
   3     1.4795     1.5942       0.2693       0.4979       0.0069      -0.7373    1.445
   4     1.6558     1.6371       0.2694       0.5095       0.0077      -0.0539    1.226
   5     1.8531     1.6755       0.2695       0.5204       0.0060      -0.7423    1.612
   6     2.0740     1.9085       0.2476       0.6061       0.0018       1.7419   21.519
   7     2.3211     2.6328       0.5733       0.8489       0.0033      -2.0890  109.422
   8     2.5977     2.6448       0.5733       0.8508       0.0053       0.7549   41.756
   9     2.9073     2.6772       0.5734       0.8558       0.0040      -0.0341    2.516
  10     3.2538     2.8381       0.5737       0.8819       0.0019      -1.2597    1.781
  11     3.6416     3.6120       0.4386       1.1166       0.0011      10.0208    1.234
  12     4.0756     4.3085       1.4462       1.2778       0.0009      -4.9712    1.834
  13     4.5613     4.5617       1.6731       1.2574       0.0017     -23.4113    1.924
  14     5.1049     5.5857       0.6315       1.3626       0.0016       9.6662  309.074
  15     5.7133     6.7066       0.7128       1.7300       0.0082      -1.4241    4.798
  16     6.3942     6.7967       0.7131       1.7638       0.0126       4.0874    6.414
  17     7.1562     6.8815       0.7154       1.7967       0.0134       2.3956    6.214
  18     8.0091     7.2970       0.7411       1.9735       0.0034       4.6554 3681.506
  19     8.9636    12.0004       2.8912       3.5460       0.0043      -0.5274   17.270
  20    11.2274    11.5929       2.7545       3.5283       0.0068     -11.6068 4412.061
  21    12.5654    12.8808       3.0414       3.6093       0.0113      -3.4165  126.551
  22    14.0629    14.3763       3.2194       3.6677       0.0155      -1.0445   54.629
  23    15.7389    15.7518       3.3386       3.7111       0.0157      -2.4198   93.460
  24    17.6146    17.5211       3.4393       3.7643       0.0096       3.2072 4528.480
  25    19.7138    19.5612       3.6009       3.7932       0.0099      -0.0969  647.313
  26    22.0632    21.8406       3.7609       3.8098       0.0085      -2.7772   72.407
  27    24.6927    24.2048       3.8644       3.8095       0.0078      -2.3321   68.232
  28    27.6355    26.8981       3.9323       3.8009       0.0059      -4.2072  131.797
  29    30.9289    29.5198       3.9338       3.7881       0.0046      -3.1262   18.314
  30    34.6150    31.6399       3.9086       3.7787       0.0034       0.0000    8.005
  31    34.6150    31.6399       3.9086       3.7787       0.0034       0.0000    8.005
