   0     0.8000     0.9640       0.2766       0.5349       0.0014       0.0000    4.459
   1     0.9076     1.0168       0.8320       0.5432       0.0045     -78.7036    6.915
   2     1.0297     1.0529       0.8322       0.5366       0.0080      26.3455    2.697
   3     1.1682     1.1511       1.2696       0.5143       0.0073     -31.0941    7.510
   4     1.3253     1.3459       0.2467       0.5364       0.0066      15.9510    5.336
   5     1.5035     1.5251       0.2706       0.6265       0.0062      34.6296    5.259
   6     1.7058     1.7723       2.4471       0.6568       0.0057     -42.8218    1.980
   7     1.9352     1.9023       2.4680       0.6234       0.0061     -45.9852   15.006
   8     2.1955     2.2082       0.2505       0.6637       0.0050      39.7337   18.581
   9     2.4908     2.5211       0.5039       0.7702       0.0040      -2.5682   11.128
  10     2.8258     2.8126       0.6111       0.8085       0.0045      -9.9973    6.536
  11     3.2059     3.1575       0.3340       0.9032       0.0037       7.3379    3.831
  12     3.6371     3.6641       0.4108       1.1786       0.0035      27.6139    3.127
  13     4.1263     4.1776       1.9995       1.3148       0.0047     -40.5280   18.595
  14     4.6813     4.4512       2.0175       1.2858       0.0036     -13.0423    4.056
  15     5.3110     5.6972       0.5895       1.4474       0.0043      11.5214    2.701
  16     6.0253     6.2156       0.5881       1.6687       0.0067       3.7773   18.476
  17     6.8357     6.9479       0.7116       2.0486       0.0090      -1.9512    3.845
  18     7.7551     7.7885       0.7628       2.6089       0.0077      19.8825    1.747
  19     8.7982     8.8446       1.7352       3.1775       0.0052      -3.1416   20.454
  20     9.9816    10.4042       2.7555       3.4203       0.0043     -14.3589    2.242
  21    11.3241    11.5196       2.8157       3.5076       0.0049       2.6099   11.696
  22    12.8473    13.4559       3.0640       3.6408       0.0059       5.1013   23.375
  23    14.5753    14.4447       3.3001       3.6771       0.0068     -13.1882   10.661
  24    16.5357    16.0786       3.2794       3.7259       0.0048       9.0835   19.857
  25    18.7598    18.4904       3.4875       3.7956       0.0033       3.6635    5.255
  26    21.2830    21.6676       3.8535       3.8180       0.0030      -7.3962   17.111
  27    24.1456    24.8517       3.9452       3.8101       0.0034       5.5567    2.895
  28    27.3932    27.4360       4.1086       3.7878       0.0036     -30.4758    3.649
  29    31.0777    30.3745       3.8100       3.7659       0.0029      16.1047    6.662
  30    35.2577    34.1561       3.7762       3.7666       0.0019       1.4025    5.024
  31    40.0000    39.6172       3.7749       3.7617       0.0013       0.0000    4.616
