   0     0.8000     0.9826       0.2941       0.4388       0.0016       0.0000    4.505
   1     0.9076     0.9973       0.2941       0.4421       0.0052      -0.0450    6.165
   2     1.0297     1.0245       0.2940       0.4482       0.0075      -1.1330    7.978
   3     1.1682     1.1870       0.2497       0.5003       0.0069       0.6144    3.887
   4     1.3253     1.3178       0.2425       0.5641       0.0063       1.3544    5.104
   5     1.5035     1.5150       0.3021       0.6750       0.0058       4.1560    8.663
   6     1.7058     1.7077       0.5466       0.7458       0.0062      -8.4814    7.687
   7     1.9352     1.8865       0.4722       0.7856       0.0051      32.7126   11.758
   8     2.1955     2.2092       2.3494       0.7852       0.0054     -63.0943   18.240
   9     2.4908     2.5220       0.2857       0.8512       0.0058      53.5710    6.462
  10     2.8258     2.6822       0.2858       0.9737       0.0045      18.4858    2.351
  11     3.2059     3.1540       1.2909       1.2031       0.0046     -29.8292    4.174
  12     3.6371     3.6209       0.2936       1.5439       0.0036      52.4135    3.940
  13     4.1263     4.2685       3.0189       2.3203       0.0035     -40.3833    3.698
  14     4.6813     4.7243       3.0648       2.2635       0.0039       5.9579    3.458
  15     5.3110     5.5393       3.5075       2.1578       0.0046      -3.0838   17.397
  16     6.0253     6.1579       3.6722       2.0666       0.0052     -42.3834   19.753
  17     6.8357     7.3508       0.7623       2.3857       0.0057      52.6777    3.040
  18     7.7551     7.5698       0.7587       2.5482       0.0069      27.7663    3.217
  19     8.7982     9.2301       2.6149       3.5216       0.0064     -17.2083    1.900
  20     9.9816    10.0176       2.7891       3.6211       0.0076      19.3193    5.635
  21    11.3241    11.0981       3.5541       3.6737       0.0053     -15.1719    3.384
  22    12.8473    13.0999       3.7802       3.6699       0.0044      -7.1116    8.209
  23    14.5753    14.9917       3.5314       3.6636       0.0053       5.1909    8.689
  24    16.5357    16.5420       3.5287       3.6803       0.0053       3.5955   15.791
  25    18.7598    18.6854       3.5976       3.6967       0.0046      -2.9360   25.893
  26    21.2830    21.3368       3.5984       3.7097       0.0040      -6.5549   10.510
  27    24.1456    23.9991       3.4544       3.7302       0.0036       7.3905   14.325
  28    27.3932    27.0141       3.4642       3.7702       0.0028      -8.1229    7.767
  29    31.0777    31.2223       3.2441       3.8294       0.0023      -6.2962    4.368
  30    35.2577    34.1459       3.0090       3.9172       0.0019      41.5009   28.514
  31    40.0000    38.0134       3.3845       4.0327       0.0011       0.0000   11.610
