   0     1.1169     1.1531       0.3493       0.8613       0.0011       0.0000    1.512
   1     1.2210     1.3900       0.6195       1.0617       0.0013      -3.7001    3.872
   2     1.3349     1.3944       0.6208       1.0641       0.0020      -1.2363    4.562
   3     1.4593     1.4016       0.6227       1.0681       0.0019      13.2844    7.012
   4     1.5953     1.6563       1.2584       1.1224       0.0019       3.4933    1.021
   5     1.7440     1.8655       1.8892       1.0893       0.0045     -25.2226    4.759
   6     1.9065     1.8952       1.8925       1.0820       0.0049      -2.9929    2.238
   7     2.0842     1.9483       1.8928       1.0692       0.0042      -1.8757    6.158
   8     2.2785     2.1534       1.8581       1.0224       0.0011      -6.0942    1.053
   9     2.7231     2.9220       0.6212       1.0588       0.0011      10.9267    2.530
  10     2.9769     3.0632       0.7025       1.0863       0.0010      -7.2015    1.827
  11     3.2543     3.4215       0.7046       1.1598       0.0017      -0.0239   11.370
  12     3.5577     3.5725       0.7052       1.1943       0.0009       1.1198    2.293
  13     3.8893     3.9940       0.7358       1.2876       0.0018      -0.8719    3.014
  14     4.2518     4.4291       0.7350       1.4023       0.0014       4.0973    1.235
  15     4.6481     4.6849       0.7896       1.4771       0.0016      -0.1710    2.374
  16     5.0813     5.8549       0.9906       1.7715       0.0038      -2.0381    8.261
  17     5.5550     6.0161       0.9943       1.8108       0.0053       0.2917  138.146
  18     6.0727     6.1893       0.9989       1.8543       0.0064       1.1139    5.801
  19     6.6388     6.3577       1.0057       1.8984       0.0060       3.5901   27.925
  20     7.2575     6.7487       1.0486       2.0053       0.0037       1.4283 5098.270
  21     7.9340     9.3397       1.5501       2.7186       0.0050      -2.0832    6.621
  22     8.6735     9.5774       1.5614       2.7718       0.0065      -0.7181   10.928
  23     9.4820     9.8737       1.5733       2.8397       0.0076       0.1623    6.314
  24    10.3658    10.2196       1.5872       2.9219       0.0075       2.8071   72.587
  25    11.3319    11.0853       1.6598       3.1463       0.0046      15.9817 3827.169
  26    12.3882    12.2572       2.1875       3.3945       0.0032       1.5026 2172.463
  27    13.5429    13.0074       2.5209       3.4727       0.0033     -11.0665    7.854
  28    14.8052    13.3129       2.6193       3.5023       0.0024     -90.6404   11.159
  29    16.1851    13.6206       2.5731       3.5306       0.0015       1.0865   21.912
  30    17.6937    14.5367       2.4508       3.6271       0.0007       0.0000    9.674
  31    17.6937    14.5367       2.4508       3.6271       0.0007       0.0000    9.674
