   0     4.5500     4.9955       0.7341       1.4892       0.0015       0.0000    5.391
   1     4.8024     5.0612       0.7342       1.5096       0.0025       1.7976    3.860
   2     5.0688     5.1395       0.7354       1.5347       0.0031      12.0590    3.660
   3     5.3499     5.9246       1.1519       1.7355       0.0063     -13.7766   79.908
   4     5.6467     5.9536       1.1514       1.7398       0.0085     -18.8480   33.195
   5     5.9599     6.6952       0.7328       1.9495       0.0115      12.4797    1.773
   6     6.6394     7.1758       0.7279       2.2130       0.0115      -2.1291   18.604
   7     7.0077     7.2319       0.7254       2.2490       0.0142      58.3187   14.841
   8     7.3964     7.2632       0.7286       2.2697       0.0153     -22.5435    7.332
   9     7.8067     7.4089       0.7271       2.3710       0.0101      11.5182  187.935
  10     8.2398     7.5234       0.7353       2.4563       0.0051      18.5945 1787.671
  11     8.6968     9.0911       1.9164       3.3288       0.0074      -6.8798   47.739
  12     9.1792     9.3104       2.0127       3.3835       0.0098     -14.0977    6.650
  13     9.6884     9.4320       2.0550       3.4148       0.0087     -16.3431   24.669
  14    10.2258     9.6032       2.1000       3.4554       0.0064      13.4313   17.984
  15    10.7931    11.1061       2.9426       3.6317       0.0063      -3.7846    4.133
  16    11.3917    11.8147       3.2283       3.6751       0.0071       1.5820    5.570
  17    12.0236    12.2998       3.4239       3.6915       0.0079     -18.1027   11.884
  18    12.6906    12.9680       3.5472       3.6999       0.0092      -9.9826   11.304
  19    13.3946    13.5858       3.5864       3.7054       0.0100      -2.4124    4.865
  20    14.1376    14.1329       3.6074       3.7104       0.0097      -2.0233    4.236
  21    14.9218    14.8589       3.6204       3.7157       0.0094      -0.7222   10.814
  22    15.7495    15.7127       3.6285       3.7212       0.0090      -0.7408   15.672
  23    16.6231    16.6702       3.6333       3.7270       0.0085      -0.3050    5.027
  24    17.5452    17.6427       3.6364       3.7326       0.0081       0.2615   23.301
  25    18.5184    18.5141       3.6400       3.7375       0.0078       1.0829   46.582
  26    19.5456    19.2935       3.6460       3.7417       0.0073       1.5228   34.053
  27    20.6298    19.9584       3.6539       3.7451       0.0068      -0.9829   29.737
  28    21.7742    20.4969       3.6590       3.7476       0.0062       0.7040   11.742
  29    22.9820    21.2094       3.6665       3.7505       0.0050     -12.6226   17.774
  30    24.2568    21.7629       3.6576       3.7527       0.0040       0.0000   10.367
  31    24.2568    21.7629       3.6576       3.7527       0.0040       0.0000   10.367
