   0     1.1911     1.3951       0.3145       0.6205       0.0031       0.0000   15.580
   1     1.3062     1.4129       0.3144       0.6283       0.0086       0.1936    4.566
   2     1.4324     1.4245       0.3145       0.6335       0.0095      -1.5617    1.840
   3     1.5708     1.4430       0.3139       0.6420       0.0043       7.2951    3.522
   4     1.7226     1.9211       1.2381       0.7089       0.0022      -7.7428    4.650
   5     1.8891     1.9328       1.2371       0.7070       0.0047      -6.7475   22.522
   6     2.0716     1.9484       1.2346       0.7046       0.0036     -13.4338    5.385
   7     2.2718     2.3619       0.3975       0.7307       0.0016       7.5932    8.508
   8     2.4914     2.7184       0.3194       0.8704       0.0035       2.3741 18780.632
   9     2.7321     2.7845       0.3201       0.9085       0.0070      -0.4793    8.842
  10     2.9961     2.8002       0.3201       0.9179       0.0064      -0.4331    9.980
  11     3.2857     2.8414       0.3201       0.9439       0.0035       2.7806    6.529
  12     3.6032     4.1668       0.9531       1.7362       0.0018       5.8456    1.116
  13     4.3333     4.6194       1.5630       1.8071       0.0033     -35.4012   12.653
  14     4.7520     4.7047       1.5533       1.8124       0.0040      -7.7519   13.280
  15     5.2113     5.4769       1.1713       1.9213       0.0036       4.8875    3.086
  16     5.7149     6.1377       1.1071       2.1024       0.0056       1.5883   15.567
  17     6.2671     6.7107       1.1000       2.2960       0.0075      -0.0181    8.456
  18     6.8728     7.2228       1.0938       2.5047       0.0103       0.6651    6.471
  19     7.5369     7.4051       1.0941       2.5892       0.0119      16.7442  244.805
  20     8.2653     8.7581       1.9088       3.1947       0.0073       8.0647   13.458
  21     9.0640     9.2006       2.2776       3.2823       0.0126     -19.9111 5374.255
  22     9.9400     9.7353       2.5217       3.3481       0.0147     -10.2312 1971.804
  23    10.9005    10.4433       2.6886       3.4221       0.0105      -0.4566   18.374
  24    11.9539    11.5327       2.9130       3.5031       0.0081      -0.8592   61.282
  25    13.1091    12.9563       3.1439       3.5778       0.0062      -0.2294  902.694
  26    14.3760    14.7546       3.3907       3.6334       0.0059       1.3116  382.530
  27    15.7652    16.1847       3.6069       3.6362       0.0079      13.3956   49.166
  28    17.2887    17.0507       3.8044       3.6343       0.0077     -42.6627   79.243
  29    18.9595    17.9364       3.8298       3.6250       0.0064     -14.6649  122.636
  30    20.7917    18.9856       3.7911       3.6141       0.0045       0.0000   22.665
  31    20.7917    18.9856       3.7911       3.6141       0.0045       0.0000   22.665
