   0     0.8000     0.9795       0.4696       0.5219       0.0012       0.0000    4.668
   1     0.9076     0.9933       0.4696       0.5227       0.0037     -18.4362    7.663
   2     1.0297     1.0591       0.3310       0.5348       0.0066     103.9212   12.129
   3     1.1682     1.1394       1.7385       0.5331       0.0057     -75.8028    5.796
   4     1.3253     1.3506       0.3096       0.5341       0.0059      22.2930   10.185
   5     1.5035     1.4652       0.3097       0.5692       0.0053       1.9077    4.518
   6     1.7058     1.7015       0.4086       0.6326       0.0052      16.3822    5.231
   7     1.9352     1.9152       1.2658       0.6339       0.0046     -28.1639    6.162
   8     2.1955     2.2441       0.5607       0.6148       0.0037       5.8685    3.005
   9     2.4908     2.5289       0.3214       0.6566       0.0038       5.6820   13.346
  10     2.8258     2.8148       0.3137       0.7460       0.0039       0.2232    2.919
  11     3.2059     3.1558       0.3139       0.8955       0.0031       2.2759    5.519
  12     3.6371     3.6802       0.4549       1.1668       0.0034       9.5978    6.275
  13     4.1263     4.4372       1.5443       1.3519       0.0035     -15.5919    4.743
  14     4.6813     4.7006       1.5501       1.3419       0.0046     -16.5354    4.916
  15     5.3110     5.3469       0.9670       1.3786       0.0045      12.8736    4.585
  16     6.0253     6.4578       1.2704       1.4759       0.0042      -3.6334    3.060
  17     6.8357     7.0603       1.2786       1.4979       0.0060     -16.4568    5.521
  18     7.7551     7.5970       0.9916       1.5142       0.0070      27.4558    3.463
  19     8.7982     9.0699       2.1251       1.5301       0.0105      -6.9155   19.009
  20     9.9816     9.3835       2.2681       1.5147       0.0088      -2.2770   27.083
  21    11.3241    10.6560       2.7330       1.4360       0.0038      -1.3322    3.336
  22    12.8473    12.6095       3.2489       1.3118       0.0022      -2.8969   24.090
  23    14.5753    15.4639       3.5442       1.1526       0.0023     -10.5507   13.395
  24    16.5357    17.0251       3.4548       1.0790       0.0033       0.6922    8.755
  25    18.7598    18.5467       3.3834       1.0169       0.0032       9.5711   12.953
  26    21.2830    20.4220       3.4288       0.9497       0.0022       6.6090   20.842
  27    24.1456    23.0381       3.6152       0.8685       0.0012     -91.6483   17.708
  28    27.3932    27.3629       0.4213       0.8966       0.0008      75.7874    7.796
  29    31.0777    31.3636       0.2809       1.2362       0.0009       5.9977    3.310
  30    35.2577    34.8637       0.2873       1.9799       0.0009       8.3694   12.814
  31    40.0000    39.4207       0.4711       4.2548       0.0007       0.0000    9.663
