   0     1.0227     1.0547       0.3286       0.4884       0.0036       0.0000    2.805
   1     1.1499     1.2061       0.4718       0.5085       0.0051      -4.6364    3.692
   2     1.2928     1.2185       0.4725       0.5089       0.0046      -4.3311   11.459
   3     1.4536     1.4763       0.2326       0.5856       0.0067       4.2051    3.073
   4     1.6344     1.4830       0.2326       0.5897       0.0044       3.8847    5.921
   5     1.8376     1.9213       0.6273       0.7549       0.0059      -2.5696   11.028
   6     2.0661     2.3191       0.5900       0.7930       0.0078       0.8419    1.261
   7     2.3230     2.3930       0.5924       0.8018       0.0098       0.3751   10.448
   8     2.6119     2.4432       0.5947       0.8078       0.0078       2.4356   13.129
   9     2.9367     3.1346       0.8674       0.8437       0.0109      -2.1874    4.574
  10     3.3019     3.3625       0.8706       0.8419       0.0154       0.0139   22.071
  11     3.7125     3.5873       0.8738       0.8400       0.0140       0.4595    5.938
  12     4.1742     3.8858       0.8857       0.8374       0.0068      -3.2849   69.985
  13     4.6932     5.0053       0.5078       0.9111       0.0052       4.5572  865.686
  14     5.2769     5.9254       0.7427       1.0205       0.0113      -3.8060    1.422
  15     5.9331     6.2572       0.7490       1.0426       0.0129       5.9372    5.551
  16     6.6708     6.4584       0.7770       1.0554       0.0121       4.7335   15.575
  17     7.5004     8.0173       1.3488       1.0415       0.0173      -3.6559   13.285
  18     8.4331     8.4147       1.4065       1.0289       0.0264       6.3090   52.453
  19     9.4818     8.8017       1.4999       1.0157       0.0190      -0.4639 1648.492
  20    10.6608     9.5653       1.6652       0.9849       0.0095      -4.8199    3.556
  21    11.9865    10.9898       1.7183       0.9267       0.0041      -5.2724    6.554
  22    13.4771    13.5897       1.2097       0.8411       0.0030       2.3928  373.038
  23    15.1530    14.3599       1.1306       0.8285       0.0029       2.6405   24.062
  24    17.0373    15.7771       1.0512       0.8084       0.0014      -1.6427   35.312
  25    19.1560    17.5564       0.9346       0.7908       0.0006      -2.9779   23.503
  26    21.5381    23.3868       0.3696       0.8972       0.0006       7.9533    9.455
  27    24.2164    24.6511       0.3724       0.9736       0.0010       1.3366   17.486
  28    27.2278    26.6184       0.3865       1.1187       0.0008       0.8236  281.441
  29    30.6136    31.5146       0.4432       1.6297       0.0009      -0.1980   36.299
  30    34.4205    33.0742       0.4578       1.8727       0.0008      -3.9819  287.239
  31    38.7008    35.7310       0.4523       2.4902       0.0006       0.0000  286.818
