   0     2.0361     2.0737       0.6380       0.5255       0.0020       0.0000   54.477
   1     2.2350     2.6170       0.2495       0.5981       0.0024       4.8338    4.616
   2     2.4535     2.6247       0.2497       0.6005       0.0041       2.1446    4.148
   3     2.6932     2.9354       0.2954       0.7031       0.0059      -1.9758    1.471
   4     2.9564     2.9986       0.2957       0.7246       0.0068       1.1219    3.116
   5     3.2454     3.0577       0.2973       0.7459       0.0061       1.2841   12.368
   6     3.5625     4.6367       0.6812       1.2822       0.0041      -1.4866    3.593
   7     3.9107     4.6665       0.6810       1.2895       0.0074       0.3690    4.031
   8     4.2929     4.7677       0.6809       1.3150       0.0131       0.0824    5.506
   9     4.7124     5.0325       0.6812       1.3867       0.0209       1.1287    3.164
  10     5.1730     5.8035       0.7292       1.6225       0.0240      -1.1407    2.484
  11     5.6785     6.0567       0.7300       1.7142       0.0298       0.3964    5.780
  12     6.2335     6.2896       0.7326       1.8077       0.0329       0.6477    3.733
  13     6.8427     6.4886       0.7368       1.8954       0.0302       9.6295    2.901
  14     7.5114     8.3448       1.7983       2.5524       0.0180      -0.8384   46.491
  15     8.2455     8.6220       1.9244       2.5856       0.0307     -10.1268   52.895
  16     9.0513     9.0083       2.0427       2.6184       0.0411       2.3555   21.784
  17     9.9359     9.5185       2.2107       2.6579       0.0270       4.7361  194.430
  18    10.9069    10.5538       2.6416       2.6885       0.0160      -3.4941 11639.601
  19    11.9729    12.1002       3.0403       2.6615       0.0164       0.0449   40.510
  20    13.1429    13.4090       3.3414       2.6170       0.0172      -6.1280   48.448
  21    14.4274    14.6614       3.4456       2.5592       0.0216      -2.2399  167.211
  22    15.8374    15.8038       3.4917       2.5079       0.0215      -4.2970  137.920
  23    17.3851    17.2107       3.5001       2.4455       0.0167      -6.4121  100.044
  24    19.0842    18.6641       3.4432       2.3858       0.0157      -3.3163  112.177
  25    20.9493    20.1655       3.3584       2.3291       0.0135      -3.9210   16.246
  26    22.9966    22.5111       3.1772       2.2465       0.0078     -27.6406  488.722
  27    25.2440    24.9049       2.5686       2.1829       0.0046     -25.9496   12.247
  28    27.7111    26.5721       1.9692       2.1819       0.0037      -6.3666   47.614
  29    30.4193    28.4163       1.3062       2.2321       0.0019      25.6569   27.904
  30    33.3921    33.3381       0.4251       3.8954       0.0015      37.3975    5.691
  31    36.6555    33.8640       0.4158       4.5061       0.0014       0.0000    4.034
