   0     1.0307     1.1647       0.2496       0.4756       0.0080       0.0000    3.578
   1     1.1557     1.1749       0.2496       0.4794       0.0125       0.0549   10.699
   2     1.2959     1.1915       0.2497       0.4857       0.0094       1.3136    5.623
   3     1.4531     1.6503       0.4690       0.5984       0.0033      -1.2040    2.537
   4     1.6293     1.7247       0.4693       0.6059       0.0055      -0.2399    7.090
   5     1.8270     1.9340       0.4634       0.6285       0.0089       0.1923    3.773
   6     2.0486     2.0473       0.4633       0.6419       0.0099       0.3437    5.962
   7     2.2970     2.5189       0.4911       0.6986       0.0086      -0.3331    2.363
   8     2.5756     2.6249       0.4915       0.7112       0.0102      -0.0078    3.599
   9     2.8880     2.7268       0.4919       0.7237       0.0091       0.3375   25.477
  10     3.2383     3.1567       0.5069       0.7804       0.0070      -0.3611    5.922
  11     3.6311     4.0762       0.4775       0.9438       0.0050       0.2304    6.144
  12     4.0715     4.3000       0.4770       0.9973       0.0065       0.0535   26.577
  13     4.5653     4.5456       0.4770       1.0636       0.0070       0.0178    3.083
  14     5.1190     4.7681       0.4772       1.1317       0.0059       1.0233    3.212
  15     5.7399     6.9910       0.7313       2.0706       0.0047      -0.3921   57.110
  16     6.4361     7.1006       0.7379       2.1316       0.0107      -0.9736   55.637
  17     7.2167     7.2379       0.7452       2.2118       0.0147      -0.0964   41.856
  18     8.0920     7.6873       0.7673       2.5147       0.0052      18.4039  584.239
  19     9.0735     9.4814       2.4080       3.5705       0.0065       5.4024 7544.946
  20    10.1740    10.2889       3.2403       3.6482       0.0145     -24.8288   83.322
  21    11.4080    11.1146       3.5695       3.6776       0.0105     -10.5285   99.997
  22    12.7917    12.9083       3.6716       3.6738       0.0143      -1.8087   58.911
  23    14.3431    14.7796       3.6593       3.6700       0.0116      -1.4382 2439.371
  24    16.0828    16.5188       3.5901       3.6789       0.0159       1.6007 3376.669
  25    18.0335    18.1228       3.5551       3.6891       0.0152       2.3001 1284.624
  26    20.2207    19.9768       3.5502       3.7037       0.0143       0.0171  403.205
  27    22.6733    22.2599       3.5451       3.7213       0.0109      -2.0957 2254.352
  28    25.4233    24.6677       3.5062       3.7423       0.0089      -2.3234  381.933
  29    28.5068    27.2404       3.4337       3.7710       0.0069      -2.5567   48.409
  30    31.9644    30.7388       3.2945       3.8212       0.0038      -2.4487   52.501
  31    35.8413    33.5063       3.1623       3.8857       0.0028       0.0000  100.290
