   0     0.8000     0.9741       0.4853       0.6328       0.0014       0.0000    4.954
   1     0.9076     1.0125       1.2460       0.6307       0.0046    -160.8629    5.386
   2     1.0297     1.0568       1.2443       0.6174       0.0079     -45.4619    5.908
   3     1.1682     1.1682       0.2626       0.6467       0.0070      45.6953   13.725
   4     1.3253     1.3330       1.0695       0.6995       0.0065     -15.9109    4.673
   5     1.5035     1.5091       1.0704       0.6689       0.0064      16.6639   41.375
   6     1.7058     1.7560       2.1153       0.6150       0.0063     -19.9671  180.940
   7     1.9352     1.8907       2.1259       0.5832       0.0059     -39.8657    6.416
   8     2.1955     2.1827       0.2783       0.5999       0.0056      32.3076    3.148
   9     2.4908     2.5071       0.3907       0.6865       0.0041       3.5477   13.704
  10     2.8258     2.9000       0.7290       0.7263       0.0045     -15.3794    3.357
  11     3.2059     3.2593       0.2934       0.8010       0.0047      11.0338    8.373
  12     3.6371     3.6320       0.2929       0.9987       0.0046       3.6957   11.456
  13     4.1263     4.5327       0.6970       1.5331       0.0086      -5.3463    3.087
  14     4.6813     4.7146       0.6864       1.6119       0.0131       8.2900    6.567
  15     5.3110     5.4602       0.9870       1.9226       0.0165      -6.8893   15.124
  16     6.0253     5.8416       0.9756       2.0602       0.0147       0.5280    3.575
  17     6.8357     6.6820       0.9745       2.4551       0.0088      12.5070    7.461
  18     7.7551     8.1931       2.2668       3.1176       0.0154     -13.0870   17.756
  19     8.7982     8.9904       2.3145       3.2327       0.0199       3.3116   23.330
  20     9.9816    10.0164       2.4778       3.3732       0.0205       6.5386   28.310
  21    11.3241    11.2455       2.9068       3.4930       0.0194      -2.9184   27.500
  22    12.8473    12.5297       3.2016       3.5518       0.0145      -5.1999   42.507
  23    14.5753    14.3801       3.3129       3.5992       0.0103      -0.6603   28.342
  24    16.5357    16.4163       3.3846       3.6401       0.0082      -0.0946   27.856
  25    18.7598    18.6821       3.4521       3.6729       0.0068      -2.9152   17.483
  26    21.2830    21.1876       3.4476       3.7043       0.0058      -1.9754   16.289
  27    24.1456    23.9966       3.3971       3.7439       0.0048       1.8048   13.141
  28    27.3932    26.9575       3.3877       3.7945       0.0039      11.6216    6.024
  29    31.0777    30.2970       3.6156       3.8394       0.0028     -13.1934    4.758
  30    35.2577    34.1096       3.5710       3.8652       0.0018      22.8178    2.094
  31    40.0000    37.6824       3.9053       3.8974       0.0010       0.0000    2.185
