   0     0.8000     0.9651       0.3095       0.4964       0.0013       0.0000    4.102
   1     0.9076     1.0083       0.5647       0.5018       0.0041     -41.9894    3.350
   2     1.0297     1.0585       0.5649       0.4990       0.0069       0.0264   22.959
   3     1.1682     1.1833       0.5662       0.4922       0.0075       0.0747    3.788
   4     1.3253     1.2966       0.5693       0.4860       0.0076      -4.4972    3.574
   5     1.5035     1.5383       0.2724       0.5163       0.0062       4.0895    3.117
   6     1.7058     1.7344       0.2782       0.5815       0.0062       5.2017   10.612
   7     1.9352     1.9158       0.4534       0.6253       0.0058       0.0399    3.497
   8     2.1955     2.1464       0.6549       0.6377       0.0048     -12.1953   14.100
   9     2.4908     2.4502       0.2939       0.6949       0.0040       6.9807    5.175
  10     2.8258     2.9459       0.4022       0.8810       0.0051      -1.6800   12.446
  11     3.2059     3.1032       0.4019       0.9409       0.0051      10.7187   20.569
  12     3.6371     3.7197       1.0802       1.0676       0.0050      -8.3615    5.117
  13     4.1263     4.1820       1.0803       1.0661       0.0052      -3.1885    2.884
  14     4.6813     4.9006       0.8714       1.0924       0.0056       3.4554    3.537
  15     5.3110     5.3592       0.8685       1.1190       0.0064       9.0814    2.961
  16     6.0253     6.2656       1.3865       1.1224       0.0062     -10.5715    3.135
  17     6.8357     6.7842       1.3528       1.1054       0.0070      -2.1724    1.930
  18     7.7551     8.1496       1.1180       1.0960       0.0077       4.0323    6.194
  19     8.7982     8.8160       1.1419       1.0937       0.0088      14.8462   11.226
  20     9.9816    10.1780       1.8967       1.0739       0.0095     -17.1870    6.841
  21    11.3241    11.0381       1.8528       1.0363       0.0084      -2.1530    6.462
  22    12.8473    12.1969       1.7404       0.9919       0.0049       1.4957    3.856
  23    14.5753    14.2756       1.6540       0.9261       0.0029     -25.9249   10.182
  24    16.5357    16.0945       0.2950       1.0676       0.0020      89.2402    9.680
  25    18.7598    18.7685       1.3681       1.3264       0.0014      36.2134   12.460
  26    21.2830    21.2771       3.1952       1.2564       0.0014     -90.2244    8.522
  27    24.1456    23.7044       3.0617       1.1758       0.0012    -135.8875    4.465
  28    27.3932    26.6041       0.2912       1.4244       0.0011     122.4440    5.038
  29    31.0777    32.0784       0.9974       2.3956       0.0010     -29.0564    1.532
  30    35.2577    34.8435       0.8234       2.7900       0.0011      10.6537    3.196
  31    40.0000    38.5273       0.7589       3.8117       0.0008       0.0000    5.532
