   0     1.0417     1.0901       0.2929       0.5736       0.0031       0.0000    1.366
   1     1.1598     1.1957       0.5414       0.6039       0.0043     -20.5539    1.166
   2     1.2914     1.3075       0.2804       0.6426       0.0046      24.2481    1.063
   3     1.4379     1.5168       1.1318       0.6896       0.0026     -29.1316 4638.995
   4     1.6011     1.7190       0.3528       0.7162       0.0031      29.1541    1.464
   5     1.7827     1.7517       0.3541       0.7305       0.0045       5.0146    6.222
   6     1.9849     2.0818       0.6155       0.8266       0.0065      -5.0755    2.999
   7     2.2101     2.1382       0.6154       0.8344       0.0073       1.1139   13.936
   8     2.4608     2.8620       0.7691       0.9043       0.0049      -1.2046   87.243
   9     2.7400     2.8852       0.7690       0.9056       0.0077      -2.7066   21.522
  10     3.0509     2.9179       0.7679       0.9074       0.0075      -1.9319   10.619
  11     3.3970     3.7947       0.5349       1.0415       0.0057       1.8364    3.778
  12     3.7824     4.0100       0.5343       1.1007       0.0094      -0.0075   11.783
  13     4.2115     4.1530       0.5339       1.1440       0.0097      -0.2346    5.295
  14     4.6892     4.4505       0.5305       1.2461       0.0064       2.4315 1015.194
  15     5.2212     5.9091       0.8814       1.7735       0.0128      -1.9355    6.791
  16     5.8136     6.4784       0.8949       1.9608       0.0314      -0.0951    3.961
  17     6.4731     6.7504       0.9002       2.0637       0.0381       0.4567   23.709
  18     7.2075     7.0832       0.9093       2.2036       0.0381       1.9958   13.030
  19     8.0251     7.7382       0.9623       2.5288       0.0246       9.0632 5828.164
  20     8.9356     8.7074       1.3641       3.0345       0.0143      10.0662 3088.266
  21     9.9493    10.4250       2.7873       3.3239       0.0227     -19.4341   10.543
  22    11.0780    11.1095       2.8384       3.3640       0.0244      -2.0855    3.587
  23    12.3348    12.2599       2.8676       3.4290       0.0215       0.3031  112.903
  24    13.7341    14.0926       2.9239       3.5353       0.0174       3.4772  457.503
  25    15.2922    15.8421       3.1277       3.6231       0.0178       1.8165 9405.652
  26    17.0271    17.2392       3.2980       3.6665       0.0190      -5.9882  620.161
  27    18.9588    18.7405       3.4034       3.6985       0.0176      -3.6145 9871.037
  28    21.1096    20.3834       3.4712       3.7235       0.0154      -2.0047 1540.468
  29    23.5045    22.2945       3.5201       3.7471       0.0115      -2.0578  250.183
  30    26.1710    24.8096       3.5461       3.7726       0.0068      -6.4273   56.277
  31    29.1400    27.2252       3.4791       3.7978       0.0042       0.0000   24.864
