   0     0.8000     0.9668       0.5419       0.5037       0.0014       0.0000    6.015
   1     0.9076     1.0026       0.3253       0.5080       0.0046      36.3434    3.938
   2     1.0297     1.0716       0.3032       0.5311       0.0072      13.8363    9.354
   3     1.1682     1.1895       0.6387       0.5484       0.0073     -17.3716    5.929
   4     1.3253     1.3516       0.2768       0.5815       0.0073      36.1330   13.965
   5     1.5035     1.4860       1.1524       0.5992       0.0062     -35.5937    4.173
   6     1.7058     1.7636       0.3001       0.6290       0.0057      13.0733   17.567
   7     1.9352     1.9149       0.2998       0.6943       0.0056      16.5360   25.546
   8     2.1955     2.1732       0.9546       0.7487       0.0050     -26.2167   26.924
   9     2.4908     2.4715       0.3297       0.8075       0.0045      22.2601   13.826
  10     2.8258     2.7950       0.7655       0.8912       0.0042      -9.4288    1.952
  11     3.2059     3.2426       0.7214       0.9203       0.0043      -2.0307    4.567
  12     3.6371     3.7816       0.5342       1.0050       0.0042       2.9017    5.563
  13     4.1263     4.2896       0.5342       1.1401       0.0051       0.0681    3.185
  14     4.6813     4.8723       0.5375       1.3469       0.0067       6.3710    1.889
  15     5.3110     5.5788       0.8811       1.5563       0.0107      -6.9015   15.370
  16     6.0253     6.1735       0.8900       1.6937       0.0133       0.2436    4.345
  17     6.8357     7.1167       0.9150       1.9588       0.0165       0.5505    4.057
  18     7.7551     7.7042       0.9435       2.1565       0.0190       0.3906   14.385
  19     8.7982     8.3741       0.9813       2.4207       0.0132      17.8419    3.495
  20     9.9816     9.4500       1.6970       2.9013       0.0110       1.2666    2.247
  21    11.3241    11.1643       2.7750       2.9082       0.0060     -12.2920   10.569
  22    12.8473    12.9796       2.8678       2.9249       0.0049       1.1272   18.535
  23    14.5753    14.9492       3.0245       2.9250       0.0053       0.4733   62.471
  24    16.5357    16.6215       3.1607       2.9094       0.0056       3.3358   67.561
  25    18.7598    18.5771       3.3641       2.8751       0.0048      -4.8861    9.683
  26    21.2830    21.0755       3.4850       2.8135       0.0038      -2.1847    6.632
  27    24.1456    23.7083       3.5508       2.7478       0.0030       3.4348    3.378
  28    27.3932    27.1702       3.7161       2.6501       0.0022     -35.1392    3.170
  29    31.0777    30.3247       3.1368       2.5778       0.0018      75.8547    2.409
  30    35.2577    33.6495       3.8540       2.5143       0.0011     -97.0103    6.970
  31    40.0000    40.9388       0.9243       3.5074       0.0007       0.0000    5.896
