   0     1.0066     1.0428       1.0768       0.5445       0.0022       0.0000    1.472
   1     1.1209     1.1684       0.6611       0.5230       0.0050      16.8315   18.333
   2     1.2481     1.2064       0.6618       0.5195       0.0069      10.9219    2.049
   3     1.3898     1.2872       0.7660       0.5105       0.0035      -6.6840    5.155
   4     1.5475     1.6606       0.3598       0.5171       0.0038       3.8501    4.072
   5     1.7232     1.6952       0.3597       0.5218       0.0041      -0.9234    3.658
   6     1.9188     2.2142       0.2517       0.6807       0.0027       0.9682  126.397
   7     2.1366     2.2189       0.2517       0.6833       0.0039       1.0302   34.208
   8     2.3791     2.2271       0.2517       0.6876       0.0034       1.9999   18.928
   9     2.6492     2.9606       0.4968       1.0606       0.0032      -1.5612    6.553
  10     2.9499     2.9814       0.4981       1.0691       0.0046      -0.6253   14.992
  11     3.2847     3.0151       0.4999       1.0831       0.0031       3.8634   19.048
  12     3.6575     3.9111       0.9509       1.3552       0.0026      -5.5640    7.829
  13     4.0727     4.5060       0.7216       1.4902       0.0067       7.1492    5.551
  14     4.5350     5.2593       0.9622       1.7315       0.0103      -3.0029    2.135
  15     5.0497     5.5550       0.9958       1.8142       0.0114     -11.4834   12.864
  16     5.6229     5.7287       0.9694       1.8639       0.0162       5.8994   18.713
  17     6.2612     5.9643       0.9601       1.9372       0.0136      -3.1578    1.947
  18     6.9719     6.8274       0.8167       2.3653       0.0063      11.9208 3779.249
  19     7.7632     8.5296       2.0045       3.1421       0.0038      -4.8327  163.889
  20     8.6444     9.2826       2.2676       3.2716       0.0163      -3.2893  129.940
  21     9.6256     9.6744       2.3704       3.3282       0.0209       0.9199  138.293
  22    10.7182    10.3715       2.5542       3.4244       0.0153       5.4750 1154.996
  23    11.9348    11.6385       3.0336       3.5352       0.0098      -4.9292 1451.673
  24    13.2894    13.1276       3.3245       3.5616       0.0117      -3.5476 1062.090
  25    14.7979    14.6478       3.4552       3.5846       0.0103      -2.1526   30.368
  26    16.4776    16.4774       3.5093       3.5985       0.0088      -3.4810 1271.914
  27    18.3479    18.2980       3.4965       3.6084       0.0080      -2.5864  465.897
  28    20.4305    19.9880       3.4526       3.6204       0.0074      -1.7019  222.500
  29    22.7495    21.9975       3.3826       3.6377       0.0054      -4.5078   57.602
  30    25.3318    24.3051       3.2436       3.6688       0.0036      -7.5361   85.459
  31    28.2071    26.6761       3.0126       3.7251       0.0023       0.0000   37.174
