   0     1.0403     1.0696       0.3003       0.4809       0.0053       0.0000    8.398
   1     1.1496     1.2056       0.3948       0.5069       0.0065      -3.5179    1.700
   2     1.2704     1.2642       0.3904       0.5144       0.0068       6.2450    3.289
   3     1.4038     1.4420       0.5989       0.5206       0.0059      -7.7979    3.121
   4     1.5513     1.7157       0.2536       0.5719       0.0046       8.7863   48.778
   5     1.7143     2.0346       0.6882       0.6359       0.0070      -6.8059    1.578
   6     1.8944     2.2101       0.6852       0.6317       0.0051      -2.4733  581.306
   7     2.0934     2.2294       0.6819       0.6313       0.0107      13.7197 1316.182
   8     2.3133     2.2490       0.6818       0.6308       0.0123      -2.7555  855.851
   9     2.5563     2.9300       0.3790       0.6882       0.0223       2.8219   12.858
  10     2.8248     3.0066       0.3811       0.7031       0.0444       0.5293    8.791
  11     3.1216     3.0419       0.3824       0.7101       0.0470       0.3168    6.386
  12     3.4495     4.2072       0.4711       0.9741       0.0389      -0.5869    7.723
  13     3.8119     4.2623       0.4708       0.9880       0.0619       0.5043    5.790
  14     4.2124     4.3332       0.4708       1.0063       0.0796       0.8811    5.836
  15     4.6549     4.4213       0.4717       1.0302       0.0712       1.4976    4.768
  16     5.1439     5.4809       0.5952       1.3122       0.0850      -1.1268    7.958
  17     5.6843     5.9152       0.6016       1.4487       0.1075      -0.1026    3.761
  18     6.2814     6.3215       0.6056       1.6033       0.1093       0.0674   20.521
  19     6.9413     6.7471       0.6104       1.8026       0.1005       0.9878    5.611
  20     7.6705     7.4047       0.6391       2.2215       0.0570      13.9990  980.414
  21     8.4764     8.8482       1.7080       2.8606       0.0432     -12.5371    9.673
  22     9.3668     9.4409       1.8008       2.9823       0.0715       0.3061   11.590
  23    10.3508    10.0093       1.8879       3.1043       0.0534      12.6039  123.885
  24    11.4382    10.9381       2.2670       3.2671       0.0333       3.2750 2330.504
  25    12.6399    12.3120       2.8929       3.3882       0.0230     -11.4340  398.218
  26    13.9677    13.7025       3.0453       3.4319       0.0233      -4.1861   15.546
  27    15.4351    15.2119       3.0554       3.4782       0.0211      -5.0820  653.608
  28    17.0566    16.7506       2.9910       3.5300       0.0174       7.7051  325.983
  29    18.8484    17.9634       3.0114       3.5758       0.0158       4.8584   47.222
  30    20.8285    19.1979       3.0638       3.6208       0.0123       4.1924   54.210
  31    23.0166    20.9736       3.1767       3.6801       0.0071       0.0000   43.790
