   0     0.8000     0.9953       0.5108       0.5362       0.0014       0.0000    6.613
   1     0.9076     1.0041       0.5118       0.5364       0.0049       0.2970    4.120
   2     1.0297     1.0421       0.5170       0.5372       0.0076      12.8356    6.879
   3     1.1682     1.1906       0.9725       0.5215       0.0073     -22.3548   16.536
   4     1.3253     1.3325       0.4295       0.5143       0.0080      16.7643   16.660
   5     1.5035     1.4427       0.4303       0.5227       0.0060      -2.5809    5.536
   6     1.7058     1.7359       0.2425       0.6085       0.0053       8.1973   22.624
   7     1.9352     1.9185       0.4914       0.6686       0.0056     -10.5234    8.549
   8     2.1955     2.2069       0.3094       0.7575       0.0049      10.2002    6.258
   9     2.4908     2.6372       0.9451       0.8648       0.0044     -10.3539    8.012
  10     2.8258     2.7946       0.9395       0.8606       0.0049      -8.1040    7.668
  11     3.2059     3.3312       0.4235       0.9433       0.0049      10.0163    4.615
  12     3.6371     3.9496       0.8083       1.0812       0.0061      -8.0690    3.654
  13     4.1263     4.5533       0.5918       1.1761       0.0129       5.6094    2.917
  14     4.6813     4.7327       0.5917       1.2236       0.0209       1.3182    2.205
  15     5.3110     5.4682       0.6440       1.4339       0.0235      -0.4826    2.932
  16     6.0253     5.8960       0.6592       1.5826       0.0228      11.4872    6.973
  17     6.8357     6.8980       1.3192       1.7815       0.0205      -5.8047    4.992
  18     7.7551     8.2341       1.5488       1.8794       0.0252       3.3250    2.121
  19     8.7982     8.9039       1.7498       1.9035       0.0379     -13.1149  169.472
  20     9.9816     9.4380       1.7431       1.9130       0.0276      -4.1735   25.451
  21    11.3241    10.4476       1.6297       1.9403       0.0113      15.3901    3.771
  22    12.8473    12.9478       2.9564       1.9924       0.0080      -9.6923   16.108
  23    14.5753    14.3945       3.1179       1.9203       0.0069      -1.1331   14.324
  24    16.5357    16.2796       3.2576       1.8252       0.0053      -1.6995   10.630
  25    18.7598    18.4485       3.3600       1.7230       0.0039      -4.2092   15.851
  26    21.2830    21.2619       3.3566       1.6028       0.0031     -14.6430    6.135
  27    24.1456    24.1808       2.9713       1.4993       0.0028      11.8462    5.551
  28    27.3932    26.8066       2.8747       1.4251       0.0023      14.8951    3.237
  29    31.0777    29.7554       3.0188       1.3484       0.0015    -125.9864    2.956
  30    35.2577    33.8184       0.3854       1.7409       0.0010      96.9035    2.284
  31    40.0000    41.1612       0.9764       4.9769       0.0008       0.0000    3.932
