   0     0.9864     0.9969       0.7945       0.5348       0.0041       0.0000   67.648
   1     1.1089     1.0038       0.7941       0.5336       0.0025      -7.2119    1.034
   2     1.2466     1.2432       0.2703       0.5786       0.0036       6.6767  767.081
   3     1.4014     1.5427       0.6707       0.6575       0.0022      -0.1266    1.016
   4     1.5755     1.5584       0.6890       0.6572       0.0034       4.1278    1.073
   5     1.7711     1.7156       0.9264       0.6470       0.0037      -9.6536    1.549
   6     1.9911     2.2071       0.2788       0.7571       0.0019       6.5455  765.843
   7     2.2384     2.2157       0.2786       0.7622       0.0040       7.9781 1061.103
   8     2.5164     2.8154       0.9622       0.9621       0.0036      -6.1398    8.915
   9     2.8289     2.9758       0.9698       0.9618       0.0095      -0.8170    2.499
  10     3.1802     3.0699       0.9708       0.9615       0.0094      -0.0997    4.663
  11     3.5751     3.2543       0.9718       0.9610       0.0065       0.2602    6.559
  12     4.0191     3.7066       0.9837       0.9592       0.0021      -4.5313    1.621
  13     4.5182     4.6971       0.4147       1.1636       0.0014       4.6912 5159.597
  14     5.0794     6.0807       0.6936       1.8222       0.0067      -2.8215    6.038
  15     5.7102     6.1687       0.6925       1.8663       0.0143       7.2693   16.311
  16     6.4193     6.2849       0.6979       1.9274       0.0173       0.9926   17.367
  17     7.2165     6.4453       0.7068       2.0174       0.0111       5.1129   22.110
  18     8.1127     8.7757       1.6057       3.1442       0.0063       4.8093 435340.110
  19     9.1202     9.4531       2.0277       3.3333       0.0134      -3.9325 52771.185
  20    10.2529    10.0919       2.3450       3.4611       0.0132      -3.1748 31834.812
  21    11.5262    11.1318       2.7444       3.5980       0.0082      -1.3314 4415.851
  22    12.9576    13.3229       3.3765       3.7325       0.0076      -4.5833  132.044
  23    14.5668    15.1830       3.5575       3.7578       0.0129      -5.3185   72.690
  24    16.3759    16.3826       3.6000       3.7729       0.0125      -4.4608  746.778
  25    18.4096    18.0739       3.5977       3.7920       0.0111       0.8274  367.267
  26    20.6959    20.3776       3.6112       3.8228       0.0073       6.3236 1879.710
  27    23.2661    23.1389       3.7743       3.8512       0.0052       1.6168 1599.769
  28    26.1555    25.8775       3.9503       3.8457       0.0055      -3.9327  286.974
  29    29.4037    28.8023       4.0496       3.8293       0.0047      -7.6138   33.634
  30    33.0553    32.3193       4.0102       3.8009       0.0031     -10.9537   25.260
  31    37.1605    35.9579       3.7793       3.7860       0.0022       0.0000   20.139
