   0     0.8000     0.9635       0.4437       0.7349       0.0014       0.0000    2.986
   1     0.9076     0.9756       0.4440       0.7410       0.0040      27.2375    6.316
   2     1.0297     1.0623       0.7855       0.7625       0.0056     -13.9928    6.843
   3     1.1682     1.1805       0.7862       0.7600       0.0060      -0.0085    6.499
   4     1.3253     1.2898       0.7865       0.7576       0.0053       6.5750    4.478
   5     1.5035     1.4861       1.1089       0.7376       0.0058     -28.2171   11.252
   6     1.7058     1.6443       0.2993       0.7843       0.0042      26.2939    8.171
   7     1.9352     1.9299       0.6677       0.9311       0.0045      -7.7169    3.227
   8     2.1955     2.1671       0.5640       0.9927       0.0041      44.8948    6.056
   9     2.4908     2.4975       2.9010       1.0015       0.0044     -49.4236   28.517
  10     2.8258     2.7009       2.9121       0.9507       0.0032     -27.3415    3.865
  11     3.2059     3.3131       0.5735       0.9524       0.0033      26.4054    1.757
  12     3.6371     3.6011       0.5689       1.0111       0.0037       1.3096    3.764
  13     4.1263     4.2410       0.6393       1.1538       0.0040       0.4531    6.614
  14     4.6813     4.9193       0.7346       1.3050       0.0052      -1.3113    2.193
  15     5.3110     5.5998       0.7470       1.4593       0.0082      -0.2184    3.759
  16     6.0253     6.0380       0.7491       1.5763       0.0098       1.5307    3.867
  17     6.8357     7.0489       0.8353       1.8631       0.0138      -2.3927    4.076
  18     7.7551     7.2741       0.8318       1.9398       0.0111      16.4645    9.029
  19     8.7982     8.8117       1.8675       2.2172       0.0085      -7.1304    1.663
  20     9.9816     9.3639       2.0316       2.2365       0.0059       5.1541    1.350
  21    11.3241    10.9907       2.7378       2.1819       0.0027      -1.9026   47.564
  22    12.8473    13.4974       3.4291       2.0595       0.0022      -3.2164    2.902
  23    14.5753    15.0206       3.6277       1.9654       0.0027     -23.9200    7.817
  24    16.5357    16.7811       3.4007       1.8672       0.0032      20.8318   76.794
  25    18.7598    18.3430       3.4962       1.7921       0.0027       6.5785   16.583
  26    21.2830    20.9074       3.7786       1.6739       0.0019      -8.4023   13.348
  27    24.1456    23.6345       3.8473       1.5597       0.0014       9.4795    3.894
  28    27.3932    26.5071       4.1051       1.4531       0.0009    -142.7550    3.306
  29    31.0777    30.4501       0.6548       1.4721       0.0007      99.1713    4.151
  30    35.2577    36.5141       0.4626       2.2151       0.0006      -3.8167    1.964
  31    40.0000    39.0533       0.3436       3.5647       0.0006       0.0000    3.356
