   0     1.0427     1.0639       0.5208       0.5293       0.0059       0.0000    4.150
   1     1.1587     1.1716       0.6267       0.5263       0.0096      -5.2515    3.329
   2     1.2876     1.1852       0.6295       0.5253       0.0076      -4.8862    4.284
   3     1.4309     1.4153       0.4277       0.5294       0.0063       1.2509    1.165
   4     1.5901     1.7184       0.3420       0.5776       0.0053       1.1040    7.189
   5     1.7670     1.8465       0.3420       0.6089       0.0058       0.2078    4.270
   6     1.9635     2.0997       0.3499       0.6791       0.0066      -0.3386    8.629
   7     2.1820     2.1540       0.3495       0.6960       0.0076       3.7356    4.937
   8     2.4247     2.2761       0.3735       0.7353       0.0049       4.1208    3.444
   9     2.6945     2.7460       0.7370       0.8195       0.0050      -9.4461    1.123
  10     2.9942     3.1087       0.4293       0.8854       0.0044       7.2276    1.173
  11     3.3273     3.7307       0.5827       1.0604       0.0045      -1.2068    3.603
  12     3.6975     4.3467       0.6185       1.1977       0.0105      -0.9162    6.172
  13     4.1088     4.6102       0.6152       1.2702       0.0288       1.4706    3.183
  14     4.5659     4.8023       0.6219       1.3283       0.0452      -0.3227    1.424
  15     5.0739     5.1054       0.6289       1.4303       0.0468       0.6459    1.306
  16     5.6384     5.5882       0.6524       1.6216       0.0461       1.1998    4.081
  17     6.2656     5.6898       0.6607       1.6664       0.0327       4.2424    4.322
  18     6.9627     7.7388       1.4382       2.4470       0.0224      -0.1055 3214.314
  19     7.7372     8.5051       1.6709       2.5938       0.0599      -3.5622   50.398
  20     8.5980     8.7991       1.7313       2.6421       0.0825     -12.0452   97.015
  21     9.5545     9.1991       1.7474       2.7054       0.0715      -6.9712   43.231
  22    10.6174     9.8563       1.6904       2.8195       0.0418       2.5558  161.581
  23    11.7986    11.5799       1.6996       3.2373       0.0105      16.0725  600.425
  24    13.1112    13.7890       3.1229       3.5578       0.0235     -18.3748 5030.686
  25    14.5698    14.7066       3.2237       3.5852       0.0294      -5.0819   24.597
  26    16.1907    15.7873       3.2614       3.6131       0.0276      -3.8295   68.642
  27    17.9919    17.1751       3.2687       3.6471       0.0236      -0.7565  126.685
  28    19.9934    19.0440       3.2666       3.6937       0.0173       0.0995  171.336
  29    22.2177    21.6657       3.2663       3.7610       0.0095      -0.5298 1337.340
  30    24.6894    23.4177       3.2597       3.8087       0.0089       2.8293  168.525
  31    27.4360    25.4498       3.2810       3.8647       0.0065       0.0000   71.601
