   0     1.7956     1.8317       1.6308       0.6340       0.0024       0.0000    1.783
   1     1.9769     1.9773       0.6703       0.6166       0.0031      27.7215    5.525
   2     2.1766     2.3536       0.2987       0.6815       0.0035       6.6439   75.074
   3     2.3965     2.4490       0.2986       0.7188       0.0050      11.2945    1.378
   4     2.6386     2.8208       0.7321       0.8012       0.0035     -13.8192    5.208
   5     2.9052     2.8451       0.7317       0.8019       0.0041      -7.2374    7.966
   6     3.1987     3.4584       0.2919       1.0041       0.0030       6.5121 2407.530
   7     3.5218     4.3266       0.7044       1.5584       0.0125      -4.6425    1.319
   8     3.8775     4.5673       0.6993       1.6709       0.0096       2.9266   12.492
   9     4.2693     4.6093       0.7010       1.6925       0.0201       1.5372    8.224
  10     4.7005     4.6735       0.7042       1.7263       0.0256       5.1989   19.174
  11     5.1754     5.5289       0.9823       2.1917       0.0286      -5.4315   10.547
  12     5.6982     5.6468       0.9847       2.2504       0.0355      -1.0176    6.629
  13     6.2738     5.9754       0.9844       2.4309       0.0152      15.0910  167.833
  14     6.9076     7.3249       2.1825       2.9965       0.0111      -9.9224   47.624
  15     7.6054     8.4030       2.2937       3.1448       0.0409      -1.0045   18.884
  16     8.3737     8.7822       2.3174       3.1981       0.0490       1.8525    4.640
  17     9.2195     9.2987       2.3641       3.2704       0.0508       4.3030   14.649
  18    10.1509    10.1589       2.5196       3.3867       0.0445       7.4634  954.182
  19    11.1763    11.1940       2.8917       3.4891       0.0419      -2.9503  122.480
  20    12.3053    12.0901       3.1277       3.5301       0.0421      -7.2661 19362.371
  21    13.5484    13.1614       3.2380       3.5630       0.0388      -2.0877   29.695
  22    14.9171    14.5281       3.3095       3.5969       0.0328      -0.6556   32.059
  23    16.4240    16.1451       3.3648       3.6300       0.0273      -0.4272 2566.830
  24    18.0831    17.8374       3.4104       3.6584       0.0243      -1.3354   40.297
  25    19.9098    19.5875       3.4351       3.6833       0.0224      -1.6488   45.309
  26    21.9211    21.4940       3.4382       3.7090       0.0192      -1.0679 3093.615
  27    24.1355    23.3708       3.4291       3.7350       0.0169       0.8175 1068.326
  28    26.5737    25.6999       3.4293       3.7700       0.0119       5.1658  395.361
  29    29.2581    27.6479       3.4770       3.7972       0.0095       2.1066  184.455
  30    32.2138    30.4070       3.5643       3.8300       0.0055      -6.5367  163.667
  31    35.4679    32.7923       3.5705       3.8516       0.0033       0.0000  131.760
