   0     0.9978     1.2162       1.2451       0.7195       0.0022       0.0000    4.351
   1     1.1060     1.2242       1.2464       0.7175       0.0051      -1.5696    8.165
   2     1.2261     1.2542       1.2496       0.7101       0.0075      -1.5226   10.565
   3     1.3591     1.2816       1.2502       0.7034       0.0069      20.2937    2.487
   4     1.5065     1.4169       1.6253       0.6675       0.0024     -25.2363 3062.837
   5     1.6700     1.6884       0.4509       0.6601       0.0022      23.7756 1141.407
   6     1.8512     1.6936       0.4499       0.6610       0.0012       0.8628 1003.269
   7     2.0520     2.2052       0.4530       0.7700       0.0025       1.5458    6.256
   8     2.2746     2.4418       0.5406       0.8200       0.0016      -3.9561    1.006
   9     2.5214     2.8225       0.4530       0.9155       0.0036       2.5360    9.709
  10     2.7950     2.8509       0.4528       0.9250       0.0046       0.0507    6.379
  11     3.0982     2.8720       0.4527       0.9322       0.0038       0.2082    4.930
  12     3.4344     2.9642       0.4527       0.9650       0.0018       0.9224    1.375
  13     3.8070     4.3348       0.6684       1.5123       0.0016      -0.3564    4.094
  14     4.2200     4.3610       0.6706       1.5239       0.0028      -2.2935    6.899
  15     4.6779     4.4344       0.6753       1.5571       0.0018      16.7748   13.421
  16     5.1854     5.4562       1.9030       1.7738       0.0027     -13.3435  165.558
  17     5.7480     5.5540       1.9282       1.7713       0.0031     -20.8321  457.215
  18     6.3717     6.8348       0.7611       2.0799       0.0022      15.0286  864.828
  19     7.0630     7.0537       0.7536       2.2041       0.0048       3.0241   32.208
  20     7.8293     7.4034       0.7597       2.4375       0.0018      18.2961  145.641
  21     8.6787     9.1426       2.2886       3.4043       0.0027      -6.6431 35206.670
  22     9.6203     9.9790       2.6624       3.5135       0.0074     -11.8105    7.151
  23    10.6641    10.2905       2.7293       3.5477       0.0072       3.0441    5.429
  24    11.8211    11.7773       3.1249       3.6664       0.0047      -0.8777 1695.106
  25    13.1036    13.5279       3.4813       3.7309       0.0054      -3.8866 14615.527
  26    14.5253    14.8671       3.5958       3.7516       0.0061      -3.8204 1394.346
  27    16.1013    16.3015       3.6092       3.7651       0.0086       0.2318 2321.436
  28    17.8482    17.5030       3.6215       3.7766       0.0083      -0.9809  178.086
  29    19.7846    18.8601       3.6264       3.7891       0.0066       0.3560  373.699
  30    21.9312    20.9193       3.6381       3.8084       0.0036       6.4700   58.627
  31    24.3106    22.5005       3.7088       3.8202       0.0021       0.0000   14.955
