   0     1.1040     1.2012       0.4378       0.4534       0.0039       0.0000    2.063
   1     1.2145     1.2143       0.4375       0.4535       0.0057       0.1431    3.570
   2     1.3361     1.2238       0.4373       0.4537       0.0044      -1.1512    9.470
   3     1.4699     1.6367       0.2798       0.5114       0.0058       1.1278   11.521
   4     1.6171     1.6592       0.2795       0.5173       0.0077       0.5552    2.676
   5     1.7791     1.6791       0.2794       0.5226       0.0071      -0.4491    1.230
   6     1.9572     2.0202       0.2539       0.6483       0.0063       0.4321    9.563
   7     2.1532     2.0658       0.2538       0.6718       0.0061       0.0185    3.366
   8     2.3688     2.2023       0.2538       0.7539       0.0024       7.5713   49.427
   9     2.6061     2.8785       1.2624       0.9995       0.0019      -9.9819  496.812
  10     2.8670     2.9160       1.2567       0.9968       0.0040     -29.7764  574.388
  11     3.1541     2.9631       1.2290       0.9936       0.0031      -0.9554  432.360
  12     3.4700     3.9936       0.5786       1.0940       0.0030       3.9852    5.593
  13     3.8175     4.2521       0.5773       1.1611       0.0082       0.2451    3.653
  14     4.1998     4.5640       0.5793       1.2537       0.0260       0.0322   15.256
  15     4.6204     4.6459       0.5799       1.2804       0.0287       1.6034  261.120
  16     5.0830     5.2987       0.6315       1.5048       0.0325      -0.6656    9.383
  17     5.5921     5.4437       0.6378       1.5635       0.0333      -0.0258   11.902
  18     6.1521     5.6063       0.6446       1.6339       0.0234       2.7104    3.454
  19     6.7681     6.6909       0.8339       2.1484       0.0095       5.3132    4.504
  20     7.4459     8.1048       1.6022       2.8579       0.0217      -5.3067 2497.789
  21     8.1915     8.6002       1.7215       2.9855       0.0466      -2.4026   29.784
  22     9.0119     8.8593       1.7716       3.0504       0.0508       0.7735   23.245
  23     9.9143     9.6015       1.9177       3.2415       0.0228      18.8073 25549.657
  24    10.9071    10.5107       2.5183       3.4089       0.0102      -8.7436 1282.557
  25    11.9994    11.7295       2.9586       3.4694       0.0101      -7.4535    5.258
  26    13.2010    13.3025       3.1322       3.5361       0.0083      -2.6034   81.117
  27    14.5230    14.6310       3.1813       3.5750       0.0112       1.1983  257.851
  28    15.9773    15.8017       3.2449       3.6076       0.0111       0.2191   70.553
  29    17.5773    16.9208       3.3030       3.6351       0.0095      -3.7393  198.741
  30    19.3375    18.0349       3.3335       3.6584       0.0074      -3.2917  174.798
  31    21.2740    19.1740       3.3439       3.6806       0.0053       0.0000   35.313
