   0     2.2895     2.4966       0.9545       0.7305       0.0022       0.0000   17.560
   1     2.4881     2.6261       0.9536       0.7218       0.0073       0.6871    6.468
   2     2.7039     2.6528       0.9541       0.7200       0.0075       0.9002    6.667
   3     2.9385     2.7190       0.9563       0.7156       0.0041      -6.2436    3.082
   4     3.1934     3.4874       0.3415       0.8130       0.0042       5.4459   15.816
   5     3.4704     3.6624       0.3396       0.8739       0.0080       0.2372    3.752
   6     3.7715     3.7190       0.3394       0.8957       0.0082       0.0426    5.755
   7     4.0986     3.8140       0.3391       0.9349       0.0067       0.0581    8.256
   8     4.4542     3.9320       0.3389       0.9886       0.0045       2.3047    6.403
   9     4.8406     5.0267       0.5716       1.5689       0.0026       4.2603   14.366
  10     5.2605     5.7716       1.0414       1.8540       0.0061      -9.7803    3.941
  11     5.7168     6.3614       1.0361       2.0163       0.0159       0.2453    8.284
  12     6.2127     6.5452       1.0359       2.0730       0.0184       0.1267   30.119
  13     6.7517     6.7801       1.0360       2.1503       0.0189       0.2655    3.988
  14     7.3374     7.0576       1.0374       2.2494       0.0174       5.7813    3.464
  15     7.9739     8.0721       1.2451       2.5682       0.0130       2.0488    7.325
  16     8.6656     9.0202       1.5006       2.8942       0.0128      14.3995    7.783
  17     9.4173     9.2017       1.6028       2.9452       0.0137      -5.6165  162.846
  18    10.2342    10.6687       2.1525       3.1819       0.0156      -4.7966   31.600
  19    11.1220    11.4371       2.3021       3.2872       0.0180       1.3512   88.885
  20    12.0868    11.7914       2.3739       3.3271       0.0192      -0.1429   13.176
  21    13.1354    12.3144       2.4754       3.3842       0.0125       7.1279 10593.125
  22    14.2748    13.1105       2.6929       3.4568       0.0067      -3.6732 4346.880
  23    15.5131    15.3798       3.0516       3.5825       0.0047      -0.1802    7.831
  24    16.8589    17.8924       3.3853       3.6629       0.0050       7.5071   10.234
  25    18.3213    19.4887       3.6877       3.6807       0.0064     -13.0646  673.611
  26    19.9107    20.9513       3.8318       3.6718       0.0092     -12.0348   38.957
  27    21.6379    22.1244       3.8779       3.6613       0.0109      -8.2332   85.928
  28    23.5149    23.1961       3.8883       3.6510       0.0107      -9.6425  109.339
  29    25.5548    24.5897       3.8564       3.6365       0.0084     -13.1518   71.059
  30    27.7716    26.1389       3.7511       3.6242       0.0061     -10.3725  296.155
  31    30.1807    27.9105       3.5735       3.6184       0.0037       0.0000   33.502
