   0     0.8000     0.9637       0.4520       0.5439       0.0013       0.0000    9.513
   1     0.9076     0.9953       0.3953       0.5493       0.0041      39.5813    4.859
   2     1.0297     1.0566       0.6167       0.5539       0.0070     -26.4068   25.875
   3     1.1682     1.1794       0.2855       0.5826       0.0067       9.7725    2.776
   4     1.3253     1.3171       0.3096       0.6556       0.0061      25.2562    1.903
   5     1.5035     1.5050       1.5709       0.6819       0.0071     -26.3028    8.032
   6     1.7058     1.6741       1.5701       0.6411       0.0056     -18.6733   15.116
   7     1.9352     1.9763       0.3025       0.6730       0.0056      20.2761    2.515
   8     2.1955     2.1518       0.3022       0.7552       0.0054      -0.0967    5.457
   9     2.4908     2.4842       0.2969       0.9875       0.0050       7.6246    5.595
  10     2.8258     2.8330       0.7054       1.2251       0.0047      -5.3384    5.103
  11     3.2059     3.2770       0.8351       1.3529       0.0041      -1.1176    2.980
  12     3.6371     3.8293       0.8951       1.4892       0.0049      -0.6518    6.754
  13     4.1263     4.2228       0.9086       1.5966       0.0067       1.1953    6.511
  14     4.6813     4.9584       1.0051       1.8258       0.0070      -2.2543    3.714
  15     5.3110     5.6112       0.9605       2.0485       0.0128       1.1360    9.597
  16     6.0253     5.7846       0.9576       2.1230       0.0131       6.1298    3.913
  17     6.8357     7.0338       1.3447       2.5914       0.0087      -3.9330    3.150
  18     7.7551     7.7645       1.3688       2.8643       0.0099      11.4534    2.469
  19     8.7982     9.5237       2.4817       3.3564       0.0096     -10.8927    3.945
  20     9.9816    10.0631       2.5486       3.4223       0.0135       8.6906    4.727
  21    11.3241    11.2550       2.9281       3.5359       0.0121      -2.9553    5.342
  22    12.8473    12.7894       3.2256       3.6104       0.0098      -0.0180   21.548
  23    14.5753    14.5805       3.5297       3.6495       0.0091      -5.6654   34.265
  24    16.5357    16.4406       3.5521       3.6622       0.0077      -2.8828   55.847
  25    18.7598    18.7614       3.5048       3.6815       0.0066       3.6153   17.351
  26    21.2830    21.3875       3.5512       3.7059       0.0059      -0.0962    8.446
  27    24.1456    23.9901       3.5899       3.7236       0.0053      -0.8111   11.781
  28    27.3932    26.9530       3.6128       3.7380       0.0042      -6.0294   10.841
  29    31.0777    30.3087       3.5117       3.7603       0.0030      14.8093    4.867
  30    35.2577    34.0965       3.7179       3.7864       0.0019      -4.3372    3.202
  31    40.0000    38.8660       3.8411       3.7834       0.0013       0.0000    1.999
