   0     0.8000     0.9697       1.4482       0.6190       0.0012       0.0000    4.125
   1     0.9076     0.9827       1.4456       0.6143       0.0036      14.3885   14.291
   2     1.0297     1.0635       1.5875       0.5859       0.0054     -44.8141    7.716
   3     1.1682     1.1747       0.5736       0.5680       0.0061      35.4988    6.840
   4     1.3253     1.3365       0.8272       0.5556       0.0053     -17.8603   10.471
   5     1.5035     1.4872       0.3617       0.5615       0.0049      12.5339   18.246
   6     1.7058     1.7633       0.5075       0.5977       0.0043      -2.0525    2.995
   7     1.9352     1.9594       0.5083       0.6097       0.0052      -9.6166    7.627
   8     2.1955     2.1459       0.2514       0.6599       0.0046       8.5657   11.601
   9     2.4908     2.5628       0.3621       0.8629       0.0036       1.1420    2.811
  10     2.8258     2.8833       0.4952       0.9986       0.0040      -4.3673   13.039
  11     3.2059     3.0450       0.4952       1.0589       0.0032       3.6919    6.258
  12     3.6371     3.9198       0.9246       1.3098       0.0034      -3.4151    5.728
  13     4.1263     4.2409       0.9249       1.3559       0.0053      -6.9798    2.807
  14     4.6813     4.7275       0.7123       1.4594       0.0067      11.7296    2.573
  15     5.3110     5.4023       1.0193       1.6132       0.0083     -10.8088    8.533
  16     6.0253     6.0966       0.7989       1.8072       0.0064       5.1509    6.048
  17     6.8357     6.7927       0.7931       2.1116       0.0059      18.0926    5.201
  18     7.7551     8.1680       2.2468       2.4525       0.0072     -17.9620    8.757
  19     8.7982     9.0306       2.2681       2.4754       0.0098       3.1904    4.996
  20     9.9816     9.7542       2.3499       2.4912       0.0092       7.9856    8.762
  21    11.3241    10.7237       2.6455       2.4963       0.0056       5.1832   15.763
  22    12.8473    12.3812       3.3603       2.4302       0.0033      -9.3500   46.991
  23    14.5753    14.7953       3.4422       2.2997       0.0024      -2.1100    7.020
  24    16.5357    16.7323       3.3815       2.2057       0.0026      10.0139    9.847
  25    18.7598    18.5286       3.5036       2.1245       0.0023      -6.7762   11.511
  26    21.2830    21.1855       3.5032       2.0100       0.0018      -5.9859   11.105
  27    24.1456    24.2020       3.3432       1.8970       0.0016     -11.9968   13.764
  28    27.3932    27.1185       2.9536       1.8081       0.0014      -2.9642    5.903
  29    31.0777    29.9274       2.5697       1.7444       0.0010     -60.9992    6.311
  30    35.2577    33.8378       0.8477       1.6758       0.0006      48.6553    2.560
  31    40.0000    39.6483       0.2520       4.9126       0.0006       0.0000    1.735
