   0     0.8000     0.9742       0.5344       0.4043       0.0011       0.0000    1.449
   1     0.9076     0.9972       0.7658       0.4012       0.0033    -150.1733    6.394
   2     1.0297     1.0416       0.5419       0.3946       0.0049      10.9804    3.332
   3     1.1682     1.2057       0.2477       0.4051       0.0056       5.5448   12.373
   4     1.3253     1.3268       0.2478       0.4327       0.0060       0.0064    2.284
   5     1.5035     1.4858       0.2482       0.4751       0.0053       1.4155    3.499
   6     1.7058     1.7090       0.3239       0.5302       0.0044      -1.4299   10.225
   7     1.9352     1.9122       0.3238       0.5737       0.0037       1.3446    3.305
   8     2.1955     2.2111       0.3992       0.6351       0.0035      38.5940    7.751
   9     2.4908     2.4408       1.8472       0.6321       0.0034     -59.2344    9.519
  10     2.8258     2.8884       0.3164       0.6539       0.0033      20.0958    1.855
  11     3.2059     3.2437       0.2560       0.7797       0.0031       3.2098    8.294
  12     3.6371     3.6410       0.3247       0.9853       0.0029      13.8065    1.782
  13     4.1263     4.1898       1.1522       1.1551       0.0034     -30.8060    3.552
  14     4.6813     4.6833       0.5131       1.2458       0.0031      17.9953    2.238
  15     5.3110     5.5952       0.8813       1.5044       0.0052      -4.3641   13.775
  16     6.0253     6.3081       0.8957       1.6508       0.0071       0.1797    3.500
  17     6.8357     7.1972       0.9204       1.8685       0.0108       0.2966    6.014
  18     7.7551     7.7115       0.9396       2.0139       0.0128       0.4306    9.813
  19     8.7982     8.2551       0.9645       2.1873       0.0083      20.0842    4.147
  20     9.9816     9.3106       1.6916       2.3460       0.0057       1.2507    1.875
  21    11.3241    10.8095       2.6691       2.3142       0.0022     -36.9707    4.415
  22    12.8473    12.8702       0.6789       2.7855       0.0016      50.3246   16.174
  23    14.5753    15.2758       3.1980       3.6174       0.0020     -86.0938   16.519
  24    16.5357    16.5399       3.0790       3.6653       0.0024      24.6735   15.165
  25    18.7598    18.2067       3.2471       3.7293       0.0018       5.3199   11.990
  26    21.2830    20.8149       3.6043       3.7830       0.0012     -13.7568    8.278
  27    24.1456    24.2045       3.5636       3.8053       0.0009       0.1265    3.340
  28    27.3932    27.1918       3.5352       3.8485       0.0008      -3.0624    3.611
  29    31.0777    31.4139       3.4135       3.8957       0.0007     -11.5735    2.792
  30    35.2577    35.7106       3.0021       4.0106       0.0007      -5.2484    4.426
  31    40.0000    40.4472       2.4785       4.2484       0.0007       0.0000    5.354
