   0     0.8000     0.9606       2.0237       0.6369       0.0011       0.0000    3.484
   1     0.9076     0.9739       2.0238       0.6309       0.0032    -103.4141    7.905
   2     1.0297     1.0741       0.3269       0.6389       0.0058      72.8762   12.846
   3     1.1682     1.1411       0.3269       0.6794       0.0057       5.9842    4.991
   4     1.3253     1.3079       0.5679       0.7495       0.0041      -4.0748    6.934
   5     1.5035     1.4745       0.5919       0.7792       0.0040      12.3235    4.732
   6     1.7058     1.7451       1.5236       0.7681       0.0038     -15.4205    4.911
   7     1.9352     1.8660       1.5293       0.7426       0.0033      12.4398    1.903
   8     2.1955     2.1370       2.0536       0.6853       0.0028     -26.2797    1.837
   9     2.4908     2.5936       0.2884       0.7429       0.0026      21.4247    5.766
  10     2.8258     2.8373       0.2879       0.8722       0.0031      29.5243    5.246
  11     3.2059     3.1585       1.2232       0.9699       0.0024     -36.7779   36.478
  12     3.6371     3.6508       0.4722       1.0377       0.0025      60.5632    2.574
  13     4.1263     4.0993       2.6157       1.0779       0.0020     -88.2670    3.948
  14     4.6813     4.6738       0.7523       1.0737       0.0018      30.0488    2.061
  15     5.3110     5.6953       0.8735       1.1698       0.0025      -1.3017    3.795
  16     6.0253     6.0083       0.8800       1.1919       0.0034       0.8492    2.915
  17     6.8357     6.7980       0.9230       1.2449       0.0035       5.0013    3.458
  18     7.7551     7.9649       1.3132       1.2878       0.0026      -6.2919    5.265
  19     8.7982     8.8850       1.3062       1.2856       0.0025       0.5426    9.760
  20     9.9816    10.5851       1.3356       1.2808       0.0032       0.6295    1.645
  21    11.3241    11.1070       1.3538       1.2775       0.0037      -0.7949    3.207
  22    12.8473    12.1754       1.3732       1.2704       0.0022      17.4506    2.401
  23    14.5753    14.0989       2.3201       1.2077       0.0015     -17.6118    7.374
  24    16.5357    16.3002       2.1384       1.1264       0.0011     -34.5547    5.776
  25    18.7598    18.9642       0.7858       1.0830       0.0010      42.3236    3.647
  26    21.2830    21.1902       0.7184       1.1407       0.0010     119.4706    5.598
  27    24.1456    23.9146       3.1584       1.1429       0.0008    -139.4322    9.087
  28    27.3932    26.7078       2.7137       1.0661       0.0006     -56.0770    3.884
  29    31.0777    31.2412       0.3202       1.2104       0.0005      73.0632    8.643
  30    35.2577    35.2893       0.3204       1.8905       0.0005      36.0084   28.168
  31    40.0000    40.2595       1.2231       3.4738       0.0005       0.0000    9.696
