   0     0.9816     1.0760       0.4539       0.5304       0.0052       0.0000    4.834
   1     1.1015     1.1047       0.4534       0.5328       0.0109       0.1378    4.516
   2     1.2361     1.1240       0.4532       0.5344       0.0089      -1.3972   10.890
   3     1.3872     1.4517       0.3041       0.6190       0.0090       1.4323  145.958
   4     1.5567     1.4593       0.3040       0.6224       0.0086       1.5629 1061.812
   5     1.7470     1.7129       0.3626       0.7363       0.0031       1.6898    1.037
   6     1.9604     2.1565       0.6748       0.8629       0.0050       0.1779   25.044
   7     2.2000     2.1627       0.6789       0.8636       0.0065     -50.0876    5.493
   8     2.4689     2.1929       0.6810       0.8669       0.0035      -6.1880    1.093
   9     2.7706     2.6362       0.3718       1.0325       0.0033       5.1625 4234.549
  10     3.1091     3.7336       1.2214       1.5467       0.0023      -3.9828  373.070
  11     3.4891     3.7643       1.2240       1.5501       0.0056      -7.9433  654.152
  12     3.9154     4.4044       0.9640       1.6673       0.0087       4.3913    5.230
  13     4.3939     4.8464       0.9648       1.7990       0.0190       0.0973    5.894
  14     4.9309     5.0850       0.9662       1.8789       0.0222       0.3129   12.591
  15     5.5334     5.3219       0.9695       1.9653       0.0211       2.6366    6.917
  16     6.2096     6.7579       1.2558       2.5318       0.0123      -1.3272    6.615
  17     6.9685     6.9592       1.2753       2.6090       0.0174       8.4426    8.205
  18     7.8200     8.4750       1.9711       3.1567       0.0142       2.1041   66.970
  19     8.7757     9.0496       2.2572       3.2667       0.0306      -5.4171 25120.234
  20     9.8481     9.7872       2.5072       3.3664       0.0388      -0.7109 32232.568
  21    11.0515    10.8895       2.8266       3.4718       0.0329      -0.7966 12472.231
  22    12.4021    12.4231       3.1835       3.5493       0.0318      -3.1149 10934.743
  23    13.9176    13.8930       3.3591       3.5834       0.0325      -2.7624 15679.813
  24    15.6184    15.4811       3.4304       3.6057       0.0316      -2.6137  384.133
  25    17.5270    17.2275       3.4557       3.6250       0.0286      -1.5233  593.690
  26    19.6688    19.2581       3.4542       3.6453       0.0218      -1.6110 6013.598
  27    22.0724    21.3524       3.4262       3.6681       0.0171       0.3607 1082.732
  28    24.7697    23.3322       3.4066       3.6935       0.0142       0.8632  492.097
  29    27.7966    26.6009       3.3964       3.7412       0.0071       6.2386  265.427
  30    31.1934    29.9837       3.5276       3.7868       0.0037       5.6094   67.524
  31    35.0053    33.2915       3.7410       3.8071       0.0021       0.0000   15.482
