   0     0.8000     0.9624       0.3469       0.4829       0.0011       0.0000    2.409
   1     0.9076     0.9692       0.3469       0.4843       0.0031      -4.8718    2.885
   2     1.0297     1.0619       0.2811       0.5112       0.0051       7.3582   16.317
   3     1.1682     1.1944       0.4674       0.5426       0.0058      -5.1728   13.892
   4     1.3253     1.3040       0.4668       0.5507       0.0057      -6.3130   10.548
   5     1.5035     1.4687       0.2331       0.6082       0.0057       9.3296    6.139
   6     1.7058     1.6589       0.4040       0.7042       0.0040       0.8595    3.269
   7     1.9352     1.8869       0.6264       0.7520       0.0040      -3.6130   22.572
   8     2.1955     2.3386       0.5976       0.7955       0.0038       0.6735    7.283
   9     2.4908     2.4347       0.6026       0.8064       0.0042       3.2110    2.302
  10     2.8258     2.9739       0.8589       0.8262       0.0044      -2.7437    2.364
  11     3.2059     3.2702       0.8652       0.8229       0.0057      -0.0801    6.137
  12     3.6371     3.6458       0.8698       0.8182       0.0056       0.2580    4.665
  13     4.1263     3.9947       0.8807       0.8132       0.0046      -4.6457    6.294
  14     4.6813     4.9017       0.4830       0.8621       0.0052       4.2835   22.847
  15     5.3110     5.3897       0.4813       0.9351       0.0064       4.7533    3.618
  16     6.0253     6.3222       0.7678       1.0461       0.0069       5.6478    3.300
  17     6.8357     7.2323       1.3444       1.0651       0.0083     -33.3439   15.459
  18     7.7551     7.9469       0.6705       1.0846       0.0122      76.0751    2.932
  19     8.7982     8.4671       1.3574       1.1132       0.0114     -32.0696   16.559
  20     9.9816     9.1911       1.6722       1.0887       0.0049      -7.8567   11.764
  21    11.3241    10.8525       1.8238       1.0184       0.0020      -7.5965    3.388
  22    12.8473    13.2508       1.1736       0.9420       0.0016      11.9627   22.215
  23    14.5753    13.8867       1.2283       0.9327       0.0013      15.8732    4.506
  24    16.5357    16.5664       2.3725       0.8684       0.0011     -22.7874   18.211
  25    18.7598    18.3162       2.5486       0.8129       0.0009     -83.8232    4.710
  26    21.2830    21.2387       0.4958       0.7936       0.0007      62.4449   16.009
  27    24.1456    23.4633       0.2699       0.8714       0.0006      14.0282    3.972
  28    27.3932    27.4976       0.3412       1.2335       0.0005       5.1288    2.842
  29    31.0777    30.9277       0.5190       1.6204       0.0005     -10.4013    3.468
  30    35.2577    34.1157       0.5022       2.0629       0.0003      -1.3335    3.130
  31    40.0000    41.0949       0.4176       7.2726       0.0003       0.0000   28.420
