   0     1.0740     1.1697       1.0115       0.6159       0.0064       0.0000    2.567
   1     1.1695     1.2102       1.4534       0.6060       0.0106    -155.8397   37.591
   2     1.2734     1.2790       1.0177       0.5880       0.0144      41.6700    3.639
   3     1.3866     1.3758       1.0276       0.5698       0.0105       2.9958    4.065
   4     1.5098     1.4007       1.0374       0.5652       0.0071      -8.2276    3.349
   5     1.6440     1.7886       0.3788       0.5694       0.0062       6.3845  509.707
   6     1.7901     1.8571       0.3790       0.5806       0.0110       0.1362   86.867
   7     1.9492     1.8891       0.3793       0.5859       0.0110       1.9292  118.664
   8     2.1224     2.0596       0.4068       0.6133       0.0098      -1.3317   18.305
   9     2.3111     2.3189       0.3959       0.6593       0.0093       0.4184    3.193
  10     2.5165     2.4122       0.3962       0.6774       0.0086       0.1003    2.961
  11     2.7401     2.5384       0.3972       0.7035       0.0062       1.0269    6.728
  12     2.9837     3.3119       0.5326       0.8457       0.0088      -1.0157    9.863
  13     3.2489     3.5697       0.5319       0.8864       0.0134       0.0182   28.451
  14     3.5376     3.7556       0.5315       0.9183       0.0151      -0.0004    5.185
  15     3.8520     3.9979       0.5311       0.9635       0.0158       0.0132   21.876
  16     4.1944     4.2699       0.5308       1.0200       0.0159       0.0401    4.086
  17     4.5672     4.5649       0.5310       1.0895       0.0143       0.0517    4.803
  18     4.9731     4.8778       0.5319       1.1740       0.0130       1.5761    9.071
  19     5.4151     7.1298       0.9373       1.8283       0.0155      -2.9736   10.699
  20     6.4204     7.0260       0.9455       1.8032       0.0217      16.1085   12.016
  21     6.9911     7.2312       0.9392       1.8524       0.0315      -0.8419    4.159
  22     7.6124     7.5103       0.9278       1.9259       0.0354      13.9246   26.823
  23     8.2890     8.5938       1.3729       2.2209       0.0255     -17.8852    6.317
  24     9.0257     8.8696       1.3363       2.2662       0.0330       6.1180    2.579
  25     9.8279     9.2460       1.3160       2.3354       0.0265      -0.8211    4.854
  26    10.7013    10.0560       1.2620       2.5100       0.0140       9.9267   26.292
  27    11.6524    12.1573       1.9134       3.1307       0.0085      -1.0998   61.251
  28    12.6881    12.9010       2.0928       3.2525       0.0099      15.9841  179.629
  29    13.8158    13.7303       2.4628       3.3509       0.0098       6.0530   32.825
  30    15.0437    14.6543       2.9250       3.4134       0.0082       0.0000   23.562
  31    15.0437    14.6543       2.9250       3.4134       0.0082       0.0000   23.562
