   0     1.0279     1.0719       0.7684       0.5666       0.0048       0.0000    3.179
   1     1.1329     1.1057       0.7695       0.5620       0.0057     -10.0679    3.378
   2     1.2487     1.3094       0.2644       0.6095       0.0029      11.4612  238.074
   3     1.3763     1.3113       0.2643       0.6106       0.0028       9.7552  251.664
   4     1.5170     1.6031       0.8481       0.6889       0.0035      -8.0089   10.033
   5     1.6720     1.6687       0.8485       0.6836       0.0047     -16.4656    1.914
   6     1.8429     1.8163       0.5882       0.6840       0.0042      18.7455    1.175
   7     2.0313     1.8624       0.5885       0.6868       0.0026      -0.9913    1.549
   8     2.2389     2.5025       0.4519       0.7771       0.0026       1.4100  863.937
   9     2.4677     2.8190       0.5012       0.8463       0.0049      -1.7759    2.701
  10     2.7199     2.9132       0.5015       0.8662       0.0059       0.0957    6.160
  11     2.9979     3.0433       0.5024       0.8953       0.0067       0.5423    4.157
  12     3.3043     3.4719       0.5239       1.0060       0.0062      -0.0628    3.810
  13     3.6420     3.5087       0.5254       1.0159       0.0061       0.6884    3.804
  14     4.0142     4.7649       0.6713       1.3822       0.0055      -0.6749   19.865
  15     4.4245     4.8486       0.6739       1.4084       0.0090      -0.8907    8.533
  16     4.8767     5.0117       0.6766       1.4618       0.0115       0.6718    3.800
  17     5.3751     6.0820       0.7366       1.8834       0.0150      -0.5965    8.001
  18     5.9244     6.1948       0.7388       1.9393       0.0196       0.3640   43.175
  19     6.5299     6.2984       0.7411       1.9934       0.0195      -0.0645    6.741
  20     7.1973     6.5964       0.7473       2.1658       0.0094       8.9648 1121.989
  21     7.9329     8.6123       1.9049       3.1371       0.0093      -2.7336   31.609
  22     8.7437     9.1618       2.0901       3.2507       0.0182      -5.8493    6.634
  23     9.6373     9.5343       2.1738       3.3312       0.0137       7.0400  677.951
  24    10.6223    10.2365       2.4064       3.4518       0.0088       6.8800 3709.742
  25    11.7079    11.6059       3.0720       3.5301       0.0072      -9.8102    6.660
  26    12.9045    13.2244       3.2722       3.5893       0.0067      -4.1458   79.210
  27    14.2233    14.7737       3.2758       3.6278       0.0092      -0.3139   26.644
  28    15.6770    15.9589       3.2714       3.6591       0.0096      -3.6547  147.548
  29    17.2792    16.9921       3.2438       3.6881       0.0086       8.7873  933.311
  30    19.0452    18.0586       3.2667       3.7202       0.0069       6.6544   95.532
  31    20.9917    19.3450       3.3370       3.7560       0.0044       0.0000   35.076
