   0     2.8546     3.2477       0.5715       0.9775       0.0015       0.0000   10.072
   1     3.0593     3.2859       0.5717       0.9857       0.0039      -0.7351   10.693
   2     3.2786     3.4469       0.5696       1.0222       0.0083       0.2213    6.692
   3     3.5137     3.4877       0.5693       1.0319       0.0086       0.0356   10.294
   4     3.7656     3.5542       0.5689       1.0482       0.0075       1.2147    4.893
   5     4.0356     4.6412       0.7016       1.3218       0.0075      -0.2577    2.351
   6     4.3249     5.1476       0.7383       1.4483       0.0099      -1.2859    1.910
   7     4.6350     5.3780       0.7414       1.5131       0.0139       0.0412    2.149
   8     4.9673     5.5646       0.7439       1.5698       0.0177      -0.0134    2.692
   9     5.3234     5.7602       0.7465       1.6334       0.0216      -0.0244    4.644
  10     5.7051     5.9110       0.7483       1.6857       0.0236       2.4553   11.077
  11     6.1141     6.7912       0.8424       2.0150       0.0224      -2.9257    3.670
  12     6.5524     6.9322       0.8420       2.0749       0.0270      -2.1950    3.689
  13     7.0222     7.0147       0.8404       2.1118       0.0295      -2.8084    8.875
  14     7.5257     7.2218       0.8317       2.2111       0.0202       4.9832   27.572
  15     8.0652     7.3712       0.8331       2.2897       0.0091      13.7656 2605.757
  16     8.6435     8.9088       1.6676       2.9571       0.0134      12.8170   43.076
  17     9.2631     9.2470       1.9941       3.0208       0.0156     -86.5832    4.356
  18     9.9273     9.4453       2.0189       3.0535       0.0147     -10.3036    1.472
  19    10.6390     9.7129       2.0303       3.0983       0.0114      -2.1281    1.962
  20    11.4018    10.2104       2.0383       3.1839       0.0077      11.4876    5.452
  21    12.2192    12.4590       2.9243       3.6500       0.0037       4.2170  136.092
  22    13.0953    13.6239       3.4852       3.6791       0.0053     -20.0873   16.262
  23    14.0341    14.9815       3.5536       3.6874       0.0086      -1.4287   37.441
  24    15.0403    15.6954       3.5730       3.6935       0.0097      -7.5103   11.366
  25    16.1186    16.4371       3.5681       3.6986       0.0093      -4.0171  142.388
  26    17.2743    17.2118       3.5505       3.7057       0.0097      -0.0312  110.237
  27    18.5127    18.0473       3.5322       3.7145       0.0085      18.9029  301.368
  28    19.8400    18.9029       3.5759       3.7231       0.0074       6.9956  130.898
  29    21.2624    19.9152       3.6521       3.7305       0.0059       0.3339   16.434
  30    22.7869    20.7273       3.7113       3.7322       0.0049       0.9642   18.081
  31    24.4206    21.7308       3.7844       3.7322       0.0035       0.0000   41.505
