   0     0.8000     0.9653       0.7846       0.4735       0.0015       0.0000    5.316
   1     0.9076     0.9752       0.7852       0.4716       0.0044     -47.7881   37.584
   2     1.0297     1.0576       0.2593       0.4798       0.0061      24.7264    4.692
   3     1.1682     1.2028       0.4250       0.5143       0.0061      -5.5537   16.114
   4     1.3253     1.3242       0.3688       0.5304       0.0064       0.5511    8.764
   5     1.5035     1.5154       0.3157       0.5771       0.0058       1.2198    2.972
   6     1.7058     1.6418       0.3156       0.6200       0.0047       2.5946    2.403
   7     1.9352     1.9452       0.4803       0.7007       0.0049      -4.5219    9.476
   8     2.1955     2.1857       0.3671       0.7647       0.0044       4.6944    3.425
   9     2.4908     2.4779       0.4593       0.8644       0.0045       3.2131   27.408
  10     2.8258     2.8584       0.7489       0.9402       0.0042     -23.7467    2.570
  11     3.2059     3.0925       0.2872       1.0519       0.0039      27.6255   25.552
  12     3.6371     3.6708       1.0585       1.3926       0.0037      -6.1460    3.472
  13     4.1263     4.2943       1.2897       1.4536       0.0047     -19.0828    5.294
  14     4.6813     4.7645       0.6671       1.5443       0.0072      23.3518    5.062
  15     5.3110     5.5432       1.1138       1.7806       0.0081      -6.5892    4.570
  16     6.0253     5.9318       1.1670       1.8536       0.0090     -15.8203    3.735
  17     6.8357     6.6482       0.7647       2.1385       0.0079      15.0441    5.454
  18     7.7551     8.3815       1.7546       2.8030       0.0144      -8.5307    7.676
  19     8.7982     8.7690       1.7875       2.8816       0.0196      -2.7993   46.887
  20     9.9816     9.2113       1.8040       2.9724       0.0115      11.0865    4.241
  21    11.3241    11.4781       2.8623       3.4796       0.0099      -6.4020   21.512
  22    12.8473    12.5552       3.0271       3.5430       0.0082      -0.8145   23.294
  23    14.5753    14.8448       3.2821       3.6297       0.0066      -0.7977   18.882
  24    16.5357    16.8933       3.4329       3.6727       0.0074       0.4570   35.390
  25    18.7598    18.9003       3.5732       3.6954       0.0076     -11.3404   52.039
  26    21.2830    21.2943       3.4875       3.7122       0.0070      -5.3776   16.717
  27    24.1456    23.7200       3.3110       3.7505       0.0058       8.8363   15.903
  28    27.3932    26.4302       3.2890       3.8125       0.0039       8.1442    6.760
  29    31.0777    30.0573       3.4489       3.8834       0.0023     -21.9808    8.367
  30    35.2577    34.7726       2.9709       3.9874       0.0016       1.4608    2.941
  31    40.0000    38.6513       2.6533       4.1904       0.0012       0.0000    4.988
