   0     1.0324     1.0444       1.0346       0.5409       0.0031       0.0000  278.858
   1     1.1571     1.2814       0.3111       0.5574       0.0023       7.4105    1.930
   2     1.2969     1.4865       0.3682       0.6228       0.0046      -1.3655    1.720
   3     1.4536     1.5455       0.3683       0.6404       0.0064       0.2772    1.263
   4     1.6292     1.6048       0.3695       0.6590       0.0069      -0.2989    3.691
   5     1.8260     1.6439       0.3696       0.6718       0.0017       9.8793    2.668
   6     2.0466     2.0962       1.3332       0.7018       0.0031     -11.1345    1.055
   7     2.5709     2.6943       0.2570       0.8541       0.0019      10.1564    3.406
   8     2.8815     2.7618       0.2549       0.9074       0.0024       3.5227    1.562
   9     3.2296     3.3814       0.4802       1.4816       0.0006      31.3679   18.504
  10     3.6198     3.6583       1.6089       1.6247       0.0014      69.2988    1.006
  11     4.0571     4.0199       4.6558       1.5687       0.0023    -145.3511    4.915
  12     4.5472     4.7054       1.1032       1.5417       0.0020      45.2425    4.047
  13     5.0966     5.4355       0.8020       1.7035       0.0069       7.7266  891.441
  14     5.7123     5.7225       0.8113       1.8103       0.0171       0.3805   15.333
  15     6.4024     6.6949       0.8582       2.2784       0.0178       0.1316    3.978
  16     7.1759     6.9458       0.8706       2.4286       0.0140      10.8182  812.486
  17     8.0428     8.6799       1.8848       3.2505       0.0070       0.0918   16.750
  18     9.0144     9.0795       2.0913       3.3487       0.0137       3.4647 42241.431
  19    10.1035    10.4027       2.8434       3.5439       0.0127      -6.0510  212.366
  20    11.3241    11.4713       3.1764       3.6032       0.0179      -7.9383 4840.181
  21    12.6921    12.7318       3.2807       3.6468       0.0213      -1.0570   34.737
  22    14.2255    14.2718       3.3554       3.6935       0.0189       0.3797 1343.175
  23    15.9440    16.1205       3.4514       3.7354       0.0195       0.8209  257.069
  24    17.8702    17.9865       3.5534       3.7653       0.0199       0.4397  859.337
  25    20.0291    19.9525       3.6573       3.7902       0.0155       0.5320 2112.197
  26    22.4488    22.1273       3.7694       3.8018       0.0129      -1.8142 2236.427
  27    25.1608    24.2558       3.8445       3.8001       0.0121      -3.2249   91.647
  28    28.2005    26.4978       3.8783       3.7944       0.0097      -4.3441   30.224
  29    31.6074    30.1608       3.8359       3.7804       0.0050      -8.1621  102.733
  30    35.4259    33.4236       3.6562       3.7801       0.0028       0.0000   18.105
  31    35.4259    33.4236       3.6562       3.7801       0.0028       0.0000   18.105
