   0     0.8000     0.9668       0.4736       0.5770       0.0013       0.0000    1.758
   1     0.9076     0.9971       0.6260       0.5783       0.0042      38.3583    3.668
   2     1.0297     1.0412       1.0233       0.5721       0.0069     -73.6172   10.334
   3     1.1682     1.1564       0.2709       0.5940       0.0078      21.6411    2.891
   4     1.3253     1.3232       0.3534       0.6867       0.0071      -0.2069    6.513
   5     1.5035     1.5918       0.4482       0.8083       0.0057      18.8292   16.446
   6     1.7058     1.7516       1.2555       0.8268       0.0068     -31.1322    5.558
   7     1.9352     1.9037       1.2620       0.8029       0.0064      27.5224   12.789
   8     2.1955     2.2245       2.8109       0.7378       0.0052     -57.8675    4.146
   9     2.4908     2.5275       0.9400       0.6939       0.0050      41.6119   12.076
  10     2.8258     2.8133       0.9403       0.6739       0.0050      -9.9195    2.863
  11     3.2059     3.2839       0.3382       0.7155       0.0040      10.2758    3.011
  12     3.6371     3.6235       0.3390       0.8086       0.0042      -0.0108   16.966
  13     4.1263     4.0273       0.3395       0.9561       0.0031       1.1186    8.484
  14     4.6813     4.7211       0.4108       1.3129       0.0036       5.6795    6.896
  15     5.3110     5.6799       1.0353       1.7679       0.0047      -8.2371    3.050
  16     6.0253     6.2122       1.0341       1.8938       0.0066       0.1407    6.721
  17     6.8357     6.9846       1.0376       2.1120       0.0075       0.2445    2.305
  18     7.7551     7.8391       1.0509       2.4146       0.0081      16.7455   10.254
  19     8.7982     8.7580       1.6937       2.6243       0.0084      -7.6572    2.469
  20     9.9816    10.5242       2.1375       2.8491       0.0064      -0.0186    1.804
  21    11.3241    11.5298       2.3573       2.9280       0.0087      -3.4024   37.807
  22    12.8473    12.1864       2.4492       2.9643       0.0069       6.7896  254.702
  23    14.5753    13.5570       2.8019       3.0135       0.0027      -2.2618   31.742
  24    16.5357    17.0435       3.2988       3.0136       0.0018       2.5165   32.837
  25    18.7598    19.6514       3.7077       2.9564       0.0025      -8.5432    6.936
  26    21.2830    21.7536       3.8407       2.8889       0.0031     -13.8675    6.600
  27    24.1456    24.0911       3.7580       2.8153       0.0031      -2.8368    3.816
  28    27.3932    26.9440       3.6164       2.7366       0.0025     -14.2501    4.177
  29    31.0777    30.1123       3.2106       2.6713       0.0018      27.7200    5.428
  30    35.2577    33.5120       3.3053       2.6220       0.0010     -79.8731    3.834
  31    40.0000    40.1057       0.3807       4.6889       0.0011       0.0000   12.072
