   0     0.8000     0.9698       0.2979       0.6560       0.0012       0.0000   18.646
   1     0.9076     0.9843       0.2978       0.6680       0.0037       9.0332    3.962
   2     1.0297     1.0668       0.4012       0.7255       0.0050      22.6469    5.887
   3     1.1682     1.1743       1.0999       0.7425       0.0059     -17.0751    6.645
   4     1.3253     1.2994       1.3255       0.7133       0.0056      -2.3138    9.044
   5     1.5035     1.4984       1.5223       0.6631       0.0048     -22.4559    7.859
   6     1.7058     1.7144       0.4512       0.6592       0.0050      33.2207    5.807
   7     1.9352     1.9546       1.1449       0.6608       0.0053     -14.7188    7.704
   8     2.1955     2.1778       1.1458       0.6304       0.0048     -16.4532    5.398
   9     2.4908     2.4393       0.5268       0.6218       0.0039      11.8240   15.046
  10     2.8258     2.8910       0.4529       0.6562       0.0036      -2.3302    7.060
  11     3.2059     3.2114       0.3061       0.7199       0.0032       2.6997    7.041
  12     3.6371     3.6834       0.2491       0.9427       0.0036      14.9335    7.191
  13     4.1263     4.1454       0.8758       1.1455       0.0033     -27.4249   18.315
  14     4.6813     4.6380       0.4070       1.3105       0.0032      33.6783    8.562
  15     5.3110     5.4955       2.1145       1.5694       0.0032     -42.2890    2.120
  16     6.0253     6.3338       0.7370       1.6855       0.0039      27.8400    3.307
  17     6.8357     6.9444       0.7435       1.9226       0.0052       0.0955    5.216
  18     7.7551     7.4003       0.7494       2.1447       0.0041      27.6335    7.933
  19     8.7982     8.7365       2.3442       2.5060       0.0044     -16.4762    3.641
  20     9.9816     9.9811       2.6391       2.5098       0.0038      -2.9609   17.952
  21    11.3241    11.0411       2.7577       2.4917       0.0031       7.4939    4.702
  22    12.8473    13.0157       3.4419       2.4013       0.0021      -5.9294    2.404
  23    14.5753    15.4220       3.6432       2.2678       0.0028      -6.7321    3.253
  24    16.5357    16.7881       3.6348       2.1944       0.0037       2.4710   47.699
  25    18.7598    18.2315       3.6522       2.1219       0.0031      -1.6586    8.812
  26    21.2830    20.6224       3.6468       2.0115       0.0019       9.2126   10.634
  27    24.1456    24.3225       3.9681       1.8588       0.0014      16.3450    5.932
  28    27.3932    27.1220       4.5462       1.7458       0.0014     -40.4283    5.745
  29    31.0777    30.1020       4.4254       1.6356       0.0010    -111.7533    2.219
  30    35.2577    35.6190       0.3864       2.0410       0.0007     112.2139    3.658
  31    40.0000    40.0364       0.3866       4.3403       0.0007       0.0000   18.780
