   0     0.8000     0.9760       1.3823       0.8224       0.0016       0.0000   22.314
   1     0.9076     0.9979       1.3838       0.8150       0.0050      -0.0438   12.272
   2     1.0297     1.0294       1.3857       0.8046       0.0074     -49.0455    7.578
   3     1.1682     1.1466       0.2897       0.8721       0.0072      84.8178   15.664
   4     1.3253     1.3199       3.3096       0.9645       0.0074    -109.7027   10.786
   5     1.5035     1.4969       0.4913       0.9822       0.0068      62.8877    2.537
   6     1.7058     1.7009       0.6869       1.0876       0.0066      24.0560    2.857
   7     1.9352     1.9691       2.3596       1.0929       0.0050     -56.0837    6.331
   8     2.1955     2.2225       1.0186       1.0624       0.0055      13.7312   16.059
   9     2.4908     2.5203       0.2649       1.3331       0.0048     112.8119   11.054
  10     2.8258     2.8587       4.8759       1.7091       0.0043    -109.9010    2.018
  11     3.2059     3.2352       4.3113       1.5857       0.0045      13.6126    6.589
  12     3.6371     3.6574       4.3687       1.4645       0.0045     -33.3286    8.827
  13     4.1263     4.0651       3.2114       1.3753       0.0039      -5.5851    4.106
  14     4.6813     4.8893       0.7414       1.4206       0.0056      34.5824   13.045
  15     5.3110     5.2530       0.7355       1.5255       0.0061       9.7071   16.780
  16     6.0253     6.0197       1.1368       1.7169       0.0074     -11.4078    9.971
  17     6.8357     7.1824       0.7117       2.0881       0.0069       7.8815    3.816
  18     7.7551     7.4937       0.7194       2.2773       0.0075      22.3522    3.646
  19     8.7982     8.8286       1.8835       2.9299       0.0052     -13.9629    2.114
  20     9.9816     9.5727       2.0431       3.0600       0.0042       9.6281    2.562
  21    11.3241    11.4390       3.0608       3.1508       0.0033      -2.7767    3.551
  22    12.8473    12.7704       3.5577       3.1349       0.0038     -11.4401    4.354
  23    14.5753    14.3176       3.6333       3.0859       0.0029      -1.5775    5.780
  24    16.5357    16.9382       3.6321       3.0032       0.0025       0.6600   17.684
  25    18.7598    19.1070       3.6485       2.9383       0.0028       2.6050    6.725
  26    21.2830    21.4388       3.7172       2.8675       0.0028      -8.9607   10.924
  27    24.1456    23.8477       3.6220       2.7967       0.0025     -15.0151   12.520
  28    27.3932    26.5083       3.2747       2.7365       0.0018     -40.5142    2.603
  29    31.0777    31.0713       1.4763       2.9885       0.0018      61.9635    4.191
  30    35.2577    33.8186       1.4758       3.2897       0.0013      76.6372  109.970
  31    40.0000    40.0133       3.9202       4.0009       0.0011       0.0000    1.975
