   0     0.8000     0.9735       0.2759       0.5730       0.0012       0.0000    5.904
   1     0.9076     0.9956       0.2758       0.5874       0.0037      62.7705    2.638
   2     1.0297     1.0498       0.6519       0.6033       0.0066     -21.4907    2.718
   3     1.1682     1.1983       0.8008       0.5885       0.0064       2.1236    4.062
   4     1.3253     1.3425       1.0176       0.5641       0.0068      -6.4972    3.536
   5     1.5035     1.4517       1.0207       0.5444       0.0058      -8.6479    2.743
   6     1.7058     1.7518       0.3795       0.5418       0.0046       8.1370    3.400
   7     1.9352     1.9200       0.3795       0.5651       0.0047       1.4776    2.317
   8     2.1955     2.2600       0.4715       0.6003       0.0038      -2.7207    2.924
   9     2.4908     2.5584       0.3963       0.6304       0.0044       1.8078   19.736
  10     2.8258     2.8099       0.3948       0.6694       0.0045       2.5916    4.456
  11     3.2059     3.2610       0.5328       0.7299       0.0048      -2.2724  106.519
  12     3.6371     3.6994       0.5315       0.7682       0.0047      -0.0431    4.310
  13     4.1263     4.1875       0.5282       0.8165       0.0052      -0.5507    7.593
  14     4.6813     4.9890       0.4803       0.9190       0.0051       0.8928    2.083
  15     5.3110     5.4368       0.4868       1.0001       0.0073       0.1340    4.047
  16     6.0253     6.0908       0.5000       1.1417       0.0077       6.0652    6.896
  17     6.8357     7.1756       0.9328       1.3522       0.0131      -7.9111    3.136
  18     7.7551     7.7886       0.9101       1.4079       0.0154      12.4688   16.351
  19     8.7982     8.8141       1.3516       1.4642       0.0171     -15.8222   22.971
  20     9.9816     9.6324       1.2208       1.4820       0.0132      -5.1876    1.553
  21    11.3241    10.4540       0.9915       1.5283       0.0069      19.0514    2.520
  22    12.8473    12.5597       1.8691       1.5367       0.0040       2.3810   11.681
  23    14.5753    14.2091       2.5944       1.4787       0.0027      -6.4578   27.301
  24    16.5357    16.2920       3.0538       1.3821       0.0020     -20.6544   27.377
  25    18.7598    18.3464       2.9824       1.2931       0.0015    -111.1450    3.503
  26    21.2830    20.7195       0.4717       1.4831       0.0010     100.5722    6.960
  27    24.1456    25.1387       1.0745       1.7429       0.0009     -14.7219    2.933
  28    27.3932    27.9925       1.0526       1.8761       0.0011       2.1022    4.338
  29    31.0777    30.8067       1.0637       2.0339       0.0011      -7.0480    9.656
  30    35.2577    35.1218       0.9218       2.3727       0.0009       4.7492    4.081
  31    40.0000    39.5395       0.8989       3.0042       0.0007       0.0000    2.388
