   0     2.5109     2.7622       0.3168       0.6205       0.0027       0.0000    6.352
   1     2.7371     2.7917       0.3164       0.6269       0.0051       0.6047   47.732
   2     2.9837     2.9040       0.3166       0.6527       0.0060      -0.0444    1.765
   3     3.2525     2.9845       0.3166       0.6725       0.0051      -3.5721    2.875
   4     3.5456     3.2633       0.2608       0.7724       0.0027       3.3171   10.258
   5     3.8650     4.1564       0.5085       1.1586       0.0044      -2.4177   11.565
   6     4.2133     4.2970       0.5094       1.2108       0.0060       0.2282    3.670
   7     4.5929     4.4646       0.5113       1.2795       0.0050       3.9119   16.896
   8     5.0067     5.6146       0.8825       1.6893       0.0069      -3.5722    3.117
   9     5.4578     5.8411       0.8896       1.7536       0.0110      -0.3042   12.600
  10     5.9495     6.5992       0.9025       2.0001       0.0216      -0.0104    3.183
  11     6.4856     6.9536       0.9079       2.1397       0.0256       0.4723  167.544
  12     7.0699     7.3177       0.9169       2.3026       0.0283       1.2758   17.452
  13     7.7069     7.5665       0.9282       2.4266       0.0285      -0.2566   16.433
  14     8.4013     8.0169       0.9457       2.6821       0.0164      19.3329  661.605
  15     9.1582     9.1781       1.7440       3.1884       0.0114      25.8787   16.208
  16     9.9834     9.6435       2.3907       3.2776       0.0080     -45.5859   35.904
  17    10.8828    10.4800       2.7236       3.3352       0.0089     -11.9551    3.157
  18    11.8634    11.4202       2.8069       3.4158       0.0052      -0.0029   28.758
  19    12.9323    13.3245       2.9564       3.5352       0.0042       1.8738   25.928
  20    14.0974    14.8933       3.1473       3.6090       0.0048      -5.0999   43.195
  21    15.3676    15.9796       3.1702       3.6422       0.0070       8.2139  807.386
  22    16.7522    16.8031       3.2239       3.6706       0.0067      -7.4246 1039.083
  23    18.2615    17.8218       3.2510       3.7051       0.0054      10.4773  362.035
  24    19.9069    19.2351       3.3672       3.7432       0.0044      -2.3234 3826.385
  25    21.7005    20.9318       3.4723       3.7732       0.0039      -3.4336   66.680
  26    23.6557    22.9241       3.5442       3.8009       0.0034      -3.4911   38.029
  27    25.7870    24.9694       3.5723       3.8242       0.0030      -3.0915  294.087
  28    28.1104    27.1741       3.5668       3.8475       0.0025      -3.2401   34.968
  29    30.6431    29.1859       3.5350       3.8706       0.0020      -1.3768   26.667
  30    33.4040    31.9484       3.4797       3.9059       0.0013       0.8236   41.772
  31    36.4137    33.7749       3.4508       3.9347       0.0010       0.0000   40.322
